,Player,Age,Team,Pos,G,GS,MP,FG,FGA,FG%,3P,3PA,3P%,2P,2PA,2P%,eFG%,FT,FTA,FT%,ORB,DRB,TRB,AST,STL,BLK,TOV,PF,PTS
0,Stephen Curry,32,GSW,PG,63,63,34.2,10.4,21.7,.482,5.3,12.7,.421,5.1,9.0,.569,.605,5.7,6.3,.916,0.5,5.0,5.5,5.8,1.2,0.1,3.4,1.9,32.0
1,Bradley Beal,27,WAS,SG,60,60,35.8,11.2,23.0,.485,2.2,6.2,.349,9.0,16.8,.535,.532,6.8,7.7,.889,1.2,3.5,4.7,4.4,1.2,0.4,3.1,2.3,31.3
2,Damian Lillard,30,POR,PG,67,67,35.8,9.0,19.9,.451,4.1,10.5,.391,4.9,9.4,.519,.554,6.7,7.2,.928,0.5,3.7,4.2,7.5,0.9,0.3,3.0,1.5,28.8
3,Joel Embiid,26,PHI,C,51,51,31.1,9.0,17.6,.513,1.1,3.0,.377,7.9,14.6,.541,.545,9.2,10.7,.859,2.2,8.4,10.6,2.8,1.0,1.4,3.1,2.4,28.5
4,Giannis Antetokounmpo,26,MIL,PF,61,61,33.0,10.3,18.0,.569,1.1,3.6,.303,9.2,14.4,.636,.600,6.5,9.5,.685,1.6,9.4,11.0,5.9,1.2,1.2,3.4,2.8,28.1
5,Luka DonÄiÄ,21,DAL,PG,66,66,34.3,9.8,20.5,.479,2.9,8.3,.350,6.9,12.2,.567,.550,5.2,7.1,.730,0.8,7.2,8.0,8.6,1.0,0.5,4.3,2.3,27.7
6,Zach LaVine,25,CHI,SG,58,58,35.1,9.8,19.4,.507,3.4,8.2,.419,6.4,11.1,.571,.596,4.4,5.1,.849,0.6,4.4,5.0,4.9,0.8,0.5,3.5,2.4,27.4
7,Zion Williamson,20,NOP,PF,61,61,33.2,10.4,17.0,.611,0.2,0.6,.294,10.2,16.4,.622,.616,6.0,8.7,.698,2.7,4.5,7.2,3.7,0.9,0.6,2.7,2.2,27.0
8,Kevin Durant,32,BRK,PF,35,32,33.1,9.3,17.2,.537,2.4,5.4,.450,6.8,11.8,.577,.608,6.0,6.8,.882,0.4,6.7,7.1,5.6,0.7,1.3,3.4,2.0,26.9
9,Kyrie Irving,28,BRK,PG,54,54,34.9,10.2,20.1,.506,2.8,7.0,.402,7.4,13.1,.561,.576,3.7,4.0,.922,1.0,3.8,4.8,6.0,1.4,0.7,2.4,2.6,26.9
10,Nikola JokiÄ,25,DEN,C,72,72,34.6,10.2,18.0,.566,1.3,3.3,.388,8.9,14.7,.606,.602,4.8,5.5,.868,2.8,8.0,10.8,8.3,1.3,0.7,3.1,2.7,26.4
11,Donovan Mitchell,24,UTA,PG,53,53,33.4,9.0,20.6,.438,3.4,8.7,.386,5.7,11.9,.476,.520,5.0,6.0,.845,0.9,3.5,4.4,5.2,1.0,0.3,2.8,2.2,26.4
12,Jayson Tatum,22,BOS,SF,64,64,35.8,9.5,20.6,.459,2.9,7.6,.386,6.5,13.0,.502,.530,4.6,5.3,.868,0.8,6.6,7.4,4.3,1.2,0.5,2.7,1.9,26.4
13,Devin Booker,24,PHO,SG,67,67,33.9,9.3,19.2,.484,1.9,5.5,.340,7.4,13.7,.543,.533,5.1,5.9,.867,0.5,3.7,4.2,4.3,0.8,0.2,3.1,2.7,25.6
14,Trae Young,22,ATL,PG,63,63,33.7,7.7,17.7,.438,2.2,6.3,.343,5.6,11.3,.491,.499,7.7,8.7,.886,0.6,3.3,3.9,9.4,0.8,0.2,4.1,1.8,25.3
15,De'Aaron Fox,23,SAC,PG,58,58,35.1,9.1,19.1,.477,1.8,5.5,.322,7.3,13.6,.539,.523,5.2,7.2,.719,0.6,2.9,3.5,7.2,1.5,0.5,3.0,2.9,25.2
16,LeBron James,36,LAL,PG,45,45,33.4,9.4,18.3,.513,2.3,6.3,.365,7.1,12.0,.591,.576,4.0,5.7,.698,0.6,7.0,7.7,7.8,1.1,0.6,3.7,1.6,25.0
17,Kawhi Leonard,29,LAC,SF,52,52,34.1,8.9,17.5,.512,1.9,4.9,.398,7.0,12.6,.557,.568,5.0,5.7,.885,1.1,5.4,6.5,5.2,1.6,0.4,2.0,1.6,24.8
18,Karl-Anthony Towns,25,MIN,C,50,50,33.8,8.5,17.5,.486,2.4,6.3,.387,6.1,11.2,.541,.555,5.3,6.2,.859,2.7,7.9,10.6,4.5,0.8,1.1,3.2,3.7,24.8
19,Jaylen Brown,24,BOS,SG,58,58,34.5,9.3,19.2,.484,2.8,7.1,.397,6.5,12.1,.536,.558,3.3,4.3,.764,1.2,4.8,6.0,3.4,1.2,0.6,2.7,2.9,24.7
20,James Harden,31,2TM,PG,44,43,36.6,7.8,16.7,.466,2.8,7.6,.362,5.0,9.1,.553,.548,6.3,7.3,.861,0.8,7.1,7.9,10.8,1.2,0.8,4.0,2.3,24.6
21,James Harden,31,HOU,PG,8,8,36.3,7.5,16.9,.444,3.1,9.0,.347,4.4,7.9,.556,.537,6.6,7.5,.883,0.6,4.5,5.1,10.4,0.9,0.8,4.3,1.8,24.8
22,James Harden,31,BRK,PG,36,35,36.6,7.8,16.6,.471,2.7,7.3,.366,5.2,9.4,.552,.551,6.3,7.3,.856,0.8,7.7,8.5,10.9,1.3,0.8,4.0,2.4,24.6
23,Collin Sexton,22,CLE,SG,60,60,35.3,8.8,18.4,.475,1.6,4.4,.371,7.1,14.0,.508,.519,5.2,6.4,.815,1.0,2.2,3.1,4.4,1.0,0.2,2.8,2.6,24.3
24,Julius Randle,26,NYK,PF,71,71,37.6,8.5,18.6,.456,2.3,5.5,.411,6.2,13.1,.474,.516,4.9,6.0,.811,1.2,9.0,10.2,6.0,0.9,0.3,3.4,3.2,24.1
25,Brandon Ingram,23,NOP,SF,61,61,34.3,8.4,18.0,.466,2.3,6.1,.381,6.1,11.9,.510,.531,4.6,5.2,.878,0.6,4.3,4.9,4.9,0.7,0.6,2.5,2.0,23.8
26,Shai Gilgeous-Alexander,22,OKC,SG,35,35,33.7,8.2,16.1,.508,2.0,4.9,.418,6.2,11.3,.547,.571,5.3,6.5,.808,0.5,4.2,4.7,5.9,0.8,0.7,3.0,2.0,23.7
27,Nikola VuÄeviÄ,30,2TM,C,70,70,33.5,9.5,19.9,.477,2.5,6.3,.400,7.0,13.7,.513,.540,1.9,2.2,.840,2.1,9.6,11.7,3.8,0.9,0.7,1.8,2.0,23.4
28,Nikola VuÄeviÄ,30,ORL,C,44,44,34.1,9.9,20.6,.480,2.7,6.5,.406,7.3,14.1,.515,.545,2.1,2.5,.827,2.0,9.8,11.8,3.8,1.0,0.6,1.9,1.8,24.5
29,Nikola VuÄeviÄ,30,CHI,C,26,26,32.6,8.8,18.8,.471,2.3,5.8,.388,6.6,12.9,.509,.532,1.5,1.8,.870,2.3,9.3,11.5,3.9,0.9,0.8,1.7,2.2,21.5
30,Paul George,30,LAC,SF,54,54,33.7,8.2,17.6,.467,3.2,7.7,.411,5.1,9.9,.510,.557,3.7,4.2,.868,0.8,5.8,6.6,5.2,1.1,0.4,3.3,2.4,23.3
31,CJ McCollum,29,POR,SG,47,47,34.0,8.6,18.8,.458,3.6,8.9,.402,5.0,9.9,.509,.554,2.3,2.8,.812,0.6,3.3,3.9,4.7,0.9,0.4,1.4,1.9,23.1
32,Jerami Grant,26,DET,SF,54,54,33.9,7.4,17.3,.429,2.1,6.1,.350,5.3,11.2,.473,.491,5.4,6.4,.845,0.6,4.0,4.6,2.8,0.6,1.1,2.0,2.3,22.3
33,Russell Westbrook,32,WAS,PG,65,65,36.4,8.4,19.0,.439,1.3,4.2,.315,7.0,14.8,.475,.474,4.2,6.4,.656,1.7,9.9,11.5,11.7,1.4,0.4,4.8,2.9,22.2
34,Anthony Davis,27,LAL,PF,36,36,32.3,8.4,17.0,.491,0.7,2.8,.260,7.6,14.3,.536,.512,4.4,5.9,.738,1.7,6.2,7.9,3.1,1.3,1.6,2.1,1.7,21.8
35,DeMar DeRozan,31,SAS,PF,61,61,33.7,7.5,15.1,.495,0.3,1.2,.257,7.1,13.9,.515,.505,6.3,7.2,.880,0.7,3.6,4.2,6.9,0.9,0.2,2.0,2.1,21.6
36,Jimmy Butler,31,MIA,SF,52,52,33.6,7.0,14.2,.497,0.5,2.0,.245,6.6,12.2,.538,.514,6.9,8.0,.863,1.8,5.1,6.9,7.1,2.1,0.3,2.1,1.4,21.5
37,Pascal Siakam,26,TOR,PF,56,56,35.8,7.8,17.2,.455,1.3,4.4,.297,6.5,12.8,.509,.493,4.4,5.4,.827,1.7,5.5,7.2,4.5,1.1,0.7,2.3,3.1,21.4
38,Malcolm Brogdon,28,IND,PG,56,56,34.5,7.9,17.5,.453,2.6,6.7,.388,5.3,10.8,.493,.527,2.7,3.2,.864,1.0,4.2,5.3,5.9,0.9,0.3,2.1,2.0,21.2
39,Jamal Murray,23,DEN,PG,48,48,35.5,7.9,16.5,.477,2.7,6.6,.408,5.2,9.9,.523,.559,2.8,3.2,.869,0.8,3.3,4.0,4.8,1.3,0.3,2.3,2.0,21.2
40,Christian Wood,25,HOU,C,41,41,32.3,8.0,15.6,.514,1.9,5.0,.374,6.1,10.6,.581,.574,3.0,4.8,.631,1.9,7.8,9.6,1.7,0.8,1.2,2.0,2.1,21.0
41,John Wall,30,HOU,PG,40,40,32.2,7.3,18.2,.404,2.0,6.2,.317,5.4,11.9,.449,.458,4.0,5.3,.749,0.4,2.8,3.2,6.9,1.1,0.8,3.5,1.2,20.6
42,Khris Middleton,29,MIL,SF,68,68,33.4,7.5,15.8,.476,2.2,5.4,.414,5.3,10.4,.508,.546,3.1,3.5,.898,0.8,5.2,6.0,5.4,1.1,0.1,2.6,2.4,20.4
43,Terry Rozier,26,CHO,SG,69,69,34.5,7.4,16.4,.450,3.2,8.3,.389,4.2,8.2,.512,.548,2.4,2.9,.817,0.7,3.7,4.4,4.2,1.3,0.4,1.9,1.7,20.4
44,Domantas Sabonis,24,IND,PF,62,62,36.0,7.8,14.6,.535,0.8,2.6,.321,7.0,12.0,.582,.564,3.9,5.3,.732,2.4,9.5,12.0,6.7,1.2,0.5,3.4,3.3,20.3
45,Caris LeVert,26,2TM,SG,47,39,31.6,7.6,17.3,.441,1.8,5.5,.326,5.9,11.8,.495,.493,3.1,3.8,.811,0.7,3.9,4.6,5.2,1.4,0.6,2.2,2.2,20.2
46,Caris LeVert,26,BRK,SG,12,4,27.8,7.3,16.7,.435,1.8,5.3,.349,5.4,11.4,.474,.490,2.2,2.8,.765,0.8,3.5,4.3,6.0,1.1,0.5,2.2,1.7,18.5
47,Caris LeVert,26,IND,SG,35,35,32.9,7.8,17.5,.443,1.8,5.6,.318,6.0,12.0,.501,.493,3.4,4.2,.822,0.7,4.0,4.6,4.9,1.5,0.7,2.2,2.4,20.7
48,Kristaps PorziÅÄ£is,25,DAL,C,43,43,30.9,7.6,15.9,.476,2.3,6.0,.376,5.3,9.9,.536,.547,2.7,3.2,.855,1.9,7.0,8.9,1.6,0.5,1.3,1.2,2.7,20.1
49,Victor Oladipo,28,3TM,SG,33,33,32.7,7.1,17.5,.408,2.4,7.2,.326,4.8,10.2,.466,.476,3.2,4.2,.754,0.4,4.5,4.8,4.6,1.4,0.4,2.5,2.5,19.8
50,Victor Oladipo,28,IND,SG,9,9,33.3,7.1,16.9,.421,2.8,7.7,.362,4.3,9.2,.470,.503,3.0,4.1,.730,0.1,5.6,5.7,4.2,1.7,0.2,2.0,2.6,20.0
51,Victor Oladipo,28,HOU,SG,20,20,33.5,7.8,19.1,.407,2.5,7.7,.320,5.3,11.4,.465,.471,3.3,4.2,.783,0.4,4.4,4.8,5.0,1.2,0.5,2.6,2.3,21.2
52,Victor Oladipo,28,MIA,SG,4,4,27.8,4.0,10.8,.372,1.0,4.3,.235,3.0,6.5,.462,.419,3.0,4.5,.667,0.8,2.8,3.5,3.5,1.8,0.5,3.5,3.3,12.0
53,Malik Beasley,24,MIN,SG,37,36,32.8,7.1,16.2,.440,3.5,8.7,.399,3.7,7.5,.487,.547,1.8,2.2,.850,0.8,3.6,4.4,2.4,0.8,0.2,1.6,1.7,19.6
54,Gordon Hayward,30,CHO,SF,44,44,34.0,7.1,15.0,.473,1.9,4.7,.415,5.1,10.3,.499,.537,3.5,4.2,.843,0.8,5.0,5.9,4.1,1.2,0.3,2.1,1.7,19.6
55,Fred VanVleet,26,TOR,SG,52,52,36.5,6.5,16.7,.389,3.3,9.2,.366,3.2,7.6,.416,.489,3.3,3.7,.885,0.6,3.6,4.2,6.3,1.7,0.7,1.8,2.3,19.6
56,Tobias Harris,28,PHI,PF,62,62,32.5,7.6,14.9,.512,1.3,3.4,.394,6.3,11.5,.546,.556,2.9,3.3,.892,1.0,5.8,6.8,3.5,0.9,0.8,1.7,1.9,19.5
57,Anthony Edwards,19,MIN,SG,72,55,32.1,7.0,16.8,.417,2.4,7.2,.329,4.6,9.6,.483,.488,2.9,3.8,.776,0.8,3.8,4.7,2.9,1.1,0.5,2.2,1.8,19.3
58,Kemba Walker,30,BOS,PG,43,43,31.8,6.6,15.7,.420,3.0,8.2,.360,3.7,7.5,.486,.514,3.1,3.5,.899,0.4,3.6,4.0,4.9,1.1,0.3,2.0,1.4,19.3
59,Ja Morant,21,MEM,PG,63,63,32.6,6.8,15.2,.449,1.2,3.8,.303,5.7,11.4,.499,.487,4.3,5.9,.728,0.9,3.1,4.0,7.4,0.9,0.2,3.2,1.4,19.1
60,Michael Porter Jr.,22,DEN,SF,61,54,31.3,7.3,13.4,.542,2.8,6.3,.445,4.5,7.1,.628,.646,1.7,2.2,.791,1.5,5.8,7.3,1.1,0.7,0.9,1.3,2.1,19.0
61,D'Angelo Russell,24,MIN,PG,42,26,28.5,6.7,15.5,.431,2.9,7.4,.387,3.8,8.1,.471,.523,2.7,3.5,.765,0.4,2.3,2.6,5.8,1.1,0.4,2.7,1.6,19.0
62,Bam Adebayo,23,MIA,C,64,64,33.5,7.1,12.5,.570,0.0,0.1,.250,7.1,12.4,.573,.571,4.4,5.5,.799,2.2,6.7,9.0,5.4,1.2,1.0,2.6,2.3,18.7
63,Norman Powell,27,2TM,SF,69,58,32.0,6.3,13.3,.477,2.5,6.0,.411,3.9,7.3,.532,.570,3.4,3.9,.871,0.6,2.5,3.1,1.9,1.2,0.3,1.7,2.3,18.6
64,Norman Powell,27,TOR,SG,42,31,30.4,6.7,13.5,.498,2.8,6.4,.439,3.9,7.1,.552,.602,3.4,3.9,.865,0.5,2.5,3.0,1.8,1.1,0.2,1.8,2.3,19.6
65,Norman Powell,27,POR,SF,27,27,34.4,5.8,13.0,.443,2.0,5.4,.361,3.8,7.6,.502,.518,3.5,4.0,.880,0.9,2.4,3.3,1.9,1.3,0.4,1.6,2.3,17.0
66,Andrew Wiggins,25,GSW,PF,71,71,33.3,7.1,14.9,.477,2.0,5.2,.380,5.1,9.7,.529,.543,2.4,3.4,.714,1.2,3.7,4.9,2.4,0.9,1.0,1.8,2.2,18.6
67,Jordan Clarkson,28,UTA,SG,68,1,26.7,6.7,15.8,.425,3.1,8.8,.347,3.7,7.0,.523,.522,1.9,2.1,.896,0.7,3.3,4.0,2.5,0.9,0.1,1.7,1.6,18.4
68,Eric Gordon,32,HOU,SG,27,13,29.2,5.9,13.6,.433,2.6,7.8,.329,3.3,5.8,.573,.527,3.5,4.2,.825,0.3,1.9,2.1,2.6,0.5,0.5,1.9,1.6,17.8
69,Jrue Holiday,30,MIL,PG,59,56,32.3,7.0,13.9,.503,1.9,4.8,.392,5.1,9.2,.561,.570,1.8,2.3,.787,1.2,3.3,4.5,6.1,1.6,0.6,2.2,1.7,17.7
70,RJ Barrett,20,NYK,SG,72,72,34.9,6.5,14.7,.441,1.7,4.3,.401,4.8,10.4,.457,.499,2.9,3.8,.746,0.9,4.8,5.8,3.0,0.7,0.3,1.9,2.6,17.6
71,John Collins,23,ATL,PF,63,63,29.3,6.8,12.2,.556,1.3,3.3,.399,5.5,8.9,.615,.610,2.7,3.2,.833,1.9,5.5,7.4,1.2,0.5,1.0,1.3,3.1,17.6
72,Darius Garland,21,CLE,PG,54,50,33.1,6.7,14.9,.451,1.9,4.9,.395,4.8,9.9,.479,.517,2.1,2.4,.848,0.4,2.0,2.4,6.1,1.2,0.1,3.0,2.0,17.4
73,Dillon Brooks,25,MEM,SF,67,67,29.8,6.4,15.4,.419,1.9,5.6,.344,4.5,9.8,.461,.481,2.4,2.9,.815,0.8,2.1,2.9,2.3,1.2,0.4,1.8,3.5,17.2
74,Kyle Lowry,34,TOR,PG,46,46,34.8,5.7,13.0,.436,2.8,7.2,.396,2.8,5.8,.487,.546,3.0,3.5,.875,0.8,4.6,5.4,7.3,1.0,0.3,2.7,3.1,17.2
75,Evan Fournier,28,2TM,SF,42,36,30.0,5.9,12.9,.457,2.8,6.7,.413,3.1,6.1,.504,.565,2.6,3.3,.788,0.2,2.8,3.0,3.4,1.1,0.5,1.7,2.3,17.1
76,Evan Fournier,28,ORL,SF,26,26,30.3,6.5,14.2,.461,2.8,7.2,.388,3.7,7.0,.536,.560,3.8,4.7,.797,0.2,2.7,2.9,3.7,1.0,0.3,2.1,2.1,19.7
77,Evan Fournier,28,BOS,SF,16,10,29.5,4.8,10.8,.448,2.8,5.9,.463,2.1,4.8,.429,.576,0.6,0.9,.714,0.3,3.0,3.3,3.1,1.3,0.6,1.2,2.6,13.0
78,Jonas ValanÄiÅ«nas,28,MEM,C,62,61,28.3,7.1,12.0,.592,0.3,0.9,.368,6.8,11.1,.611,.606,2.5,3.3,.773,4.1,8.4,12.5,1.8,0.6,0.9,1.6,2.9,17.1
79,Bojan BogdanoviÄ,31,UTA,SF,72,72,30.8,5.6,12.8,.439,2.5,6.4,.390,3.1,6.4,.487,.536,3.2,3.7,.879,0.6,3.3,3.9,1.9,0.6,0.1,1.8,1.6,17.0
80,Tim Hardaway Jr.,28,DAL,SG,70,31,28.4,5.8,13.0,.447,3.0,7.6,.391,2.9,5.5,.524,.560,2.0,2.5,.816,0.3,3.0,3.3,1.8,0.4,0.2,0.9,1.6,16.6
81,Buddy Hield,28,SAC,SG,71,71,34.3,5.7,14.0,.406,4.0,10.2,.391,1.7,3.8,.446,.548,1.2,1.5,.846,0.4,4.3,4.7,3.6,0.9,0.4,1.8,2.5,16.6
82,Kevin Porter Jr.,20,HOU,SG,26,23,32.1,6.0,14.1,.425,1.9,6.2,.311,4.1,7.9,.515,.493,2.7,3.6,.734,0.8,3.0,3.8,6.3,0.7,0.3,3.5,2.3,16.6
83,Bogdan BogdanoviÄ,28,ATL,SG,44,27,29.7,6.1,12.8,.473,3.3,7.6,.438,2.8,5.3,.522,.602,0.9,1.0,.909,0.5,3.2,3.6,3.3,1.1,0.3,1.2,2.3,16.4
84,Chris Paul,35,PHO,PG,70,70,31.4,6.3,12.6,.499,1.5,3.7,.395,4.8,8.9,.543,.557,2.4,2.6,.934,0.4,4.1,4.5,8.9,1.4,0.3,2.2,2.4,16.4
85,Khyri Thomas,24,HOU,SG,5,2,30.6,6.4,13.2,.485,1.8,5.4,.333,4.6,7.8,.590,.553,1.8,1.8,1.000,1.4,2.2,3.6,5.0,1.8,1.2,1.2,1.6,16.4
86,Mike Conley,33,UTA,PG,51,51,29.4,5.6,12.5,.444,2.7,6.6,.412,2.9,6.0,.479,.552,2.4,2.8,.852,0.7,2.8,3.5,6.0,1.4,0.2,1.9,1.9,16.2
87,Harrison Barnes,28,SAC,PF,58,58,36.2,5.5,11.1,.497,1.7,4.4,.391,3.8,6.7,.567,.575,3.4,4.1,.830,1.1,5.5,6.6,3.5,0.7,0.2,1.6,1.3,16.1
88,Elijah Bryant,25,MIL,SG,1,0,32.0,6.0,13.0,.462,1.0,5.0,.200,5.0,8.0,.625,.500,3.0,3.0,1.000,2.0,4.0,6.0,3.0,0.0,1.0,4.0,4.0,16.0
89,OG Anunoby,23,TOR,SF,43,43,33.3,5.8,12.1,.480,2.4,6.1,.398,3.4,6.0,.562,.580,1.9,2.4,.784,1.3,4.3,5.5,2.2,1.5,0.7,1.7,2.7,15.9
90,LaMelo Ball,19,CHO,PG,51,31,28.8,5.7,13.2,.436,1.8,5.1,.352,3.9,8.1,.489,.504,2.5,3.2,.758,1.2,4.7,5.9,6.1,1.6,0.4,2.8,2.7,15.7
91,Dejounte Murray,24,SAS,PG,67,67,31.9,6.6,14.5,.453,0.9,3.0,.317,5.6,11.6,.488,.485,1.6,2.0,.791,0.9,6.2,7.1,5.4,1.5,0.1,1.7,2.0,15.7
92,Terrence Ross,29,ORL,SG,46,2,29.3,5.5,13.4,.412,1.9,5.7,.337,3.6,7.7,.469,.485,2.6,3.0,.870,0.3,3.1,3.4,2.3,1.0,0.5,1.6,1.9,15.6
93,T.J. Warren,27,IND,SF,4,4,29.3,6.8,12.8,.529,0.0,1.8,.000,6.8,11.0,.614,.529,2.0,2.5,.800,0.5,3.0,3.5,1.3,0.5,0.0,1.0,4.0,15.5
94,Kelly Oubre Jr.,25,GSW,SF,55,50,30.7,5.8,13.2,.439,1.6,5.2,.316,4.1,8.0,.519,.501,2.2,3.2,.695,1.5,4.5,6.0,1.3,1.0,0.8,1.3,2.2,15.4
95,Dennis SchrÃ¶der,27,LAL,SG,61,61,32.1,5.4,12.5,.437,1.2,3.5,.335,4.3,9.0,.476,.484,3.4,4.0,.848,0.5,3.0,3.5,5.8,1.1,0.2,2.7,2.6,15.4
96,Derrick White,26,SAS,SG,36,32,29.6,5.2,12.6,.411,2.3,6.8,.346,2.8,5.8,.486,.503,2.7,3.2,.851,0.4,2.6,3.0,3.5,0.7,1.0,1.3,2.5,15.4
97,Gary Trent Jr.,22,2TM,SG,58,38,31.1,5.5,13.5,.408,2.8,7.4,.385,2.7,6.1,.435,.513,1.4,1.8,.783,0.5,2.2,2.6,1.4,1.0,0.2,0.7,1.6,15.3
98,Gary Trent Jr.,22,POR,SG,41,23,30.8,5.3,12.8,.414,3.0,7.4,.397,2.3,5.3,.438,.530,1.4,1.8,.773,0.5,1.7,2.2,1.4,0.9,0.1,0.8,1.5,15.0
99,Gary Trent Jr.,22,TOR,SG,17,15,31.8,6.1,15.4,.395,2.6,7.3,.355,3.5,8.1,.431,.479,1.5,1.8,.806,0.4,3.2,3.6,1.3,1.1,0.2,0.7,1.7,16.2
100,Clint Capela,26,ATL,C,63,63,30.1,6.6,11.0,.594,0.0,0.0,,6.6,11.0,.594,.594,2.1,3.6,.573,4.7,9.6,14.3,0.8,0.7,2.0,1.2,2.3,15.2
101,Tyler Herro,21,MIA,SG,54,15,30.3,5.7,12.9,.439,2.0,5.5,.360,3.7,7.4,.498,.516,1.7,2.2,.803,0.5,4.5,5.0,3.4,0.6,0.3,1.9,1.3,15.1
102,Coby White,20,CHI,PG,69,54,31.2,5.4,13.1,.416,2.4,6.6,.359,3.1,6.5,.473,.506,1.9,2.1,.901,0.4,3.7,4.1,4.8,0.6,0.2,2.3,2.6,15.1
103,De'Andre Hunter,23,ATL,SF,23,19,29.5,5.2,10.8,.484,1.3,4.1,.326,3.9,6.7,.582,.546,3.2,3.7,.859,0.7,4.0,4.8,1.9,0.8,0.5,1.3,2.6,15.0
104,Andre Drummond,27,2TM,C,46,46,27.0,6.1,12.4,.493,0.0,0.2,.000,6.1,12.3,.500,.493,2.7,4.5,.600,3.6,8.4,12.0,2.0,1.4,1.1,2.7,3.2,14.9
105,Andre Drummond,27,CLE,C,25,25,28.9,7.2,15.2,.474,0.0,0.3,.000,7.2,14.9,.484,.474,3.1,5.2,.597,4.0,9.4,13.5,2.6,1.6,1.2,3.2,2.8,17.5
106,Andre Drummond,27,LAL,C,21,21,24.8,4.9,9.1,.531,0.0,0.0,,4.9,9.1,.531,.531,2.2,3.6,.605,3.1,7.1,10.2,1.4,1.1,1.0,2.0,3.8,11.9
107,Devonte' Graham,25,CHO,PG,55,44,30.2,4.6,12.2,.377,3.3,8.7,.375,1.3,3.5,.380,.510,2.4,2.9,.842,0.4,2.3,2.7,5.4,0.9,0.1,1.5,1.4,14.8
108,Derrick Rose,32,2TM,PG,50,3,25.6,5.7,12.2,.470,1.0,2.6,.388,4.7,9.6,.492,.511,2.2,2.5,.866,0.4,2.2,2.6,4.2,1.0,0.4,1.6,1.1,14.7
109,Derrick Rose,32,DET,PG,15,0,22.8,5.3,12.3,.429,0.9,2.6,.333,4.4,9.7,.455,.465,2.8,3.3,.840,0.4,1.5,1.9,4.2,1.2,0.3,1.9,1.1,14.2
110,Derrick Rose,32,NYK,PG,35,3,26.8,5.9,12.2,.487,1.1,2.6,.411,4.9,9.6,.507,.530,1.9,2.2,.883,0.4,2.5,2.9,4.2,0.9,0.4,1.4,1.1,14.9
111,Lonzo Ball,23,NOP,PG,55,55,31.8,5.3,12.7,.414,3.1,8.3,.378,2.1,4.5,.482,.537,0.9,1.2,.781,0.6,4.2,4.8,5.7,1.5,0.6,2.2,1.9,14.6
112,Kendrick Nunn,25,MIA,PG,56,44,29.5,5.7,11.8,.485,2.2,5.7,.381,3.5,6.0,.583,.578,1.0,1.1,.933,0.4,2.8,3.2,2.6,0.9,0.3,1.4,1.9,14.6
113,Deandre Ayton,22,PHO,C,69,69,30.7,6.2,10.0,.626,0.1,0.3,.200,6.2,9.7,.639,.629,1.9,2.5,.769,3.3,7.2,10.5,1.4,0.6,1.2,1.5,2.8,14.4
114,Jaren Jackson Jr.,21,MEM,C,11,4,23.5,4.8,11.4,.424,1.5,5.5,.283,3.3,5.9,.554,.492,3.2,3.8,.833,1.5,4.1,5.6,1.1,1.1,1.6,1.4,3.8,14.4
115,Thomas Bryant,23,WAS,C,10,10,27.1,5.9,9.1,.648,0.9,2.1,.429,5.0,7.0,.714,.698,1.6,2.4,.667,1.8,4.3,6.1,1.5,0.4,0.8,1.1,3.1,14.3
116,Rudy Gobert,28,UTA,C,71,71,30.8,5.5,8.2,.675,0.0,0.1,.000,5.5,8.1,.680,.675,3.3,5.3,.623,3.4,10.1,13.5,1.3,0.6,2.7,1.7,2.3,14.3
117,Ben Simmons,24,PHI,PG,58,58,32.4,5.6,10.1,.557,0.1,0.2,.300,5.6,9.9,.562,.560,3.0,4.9,.613,1.6,5.6,7.2,6.9,1.6,0.6,3.0,2.9,14.3
118,Richaun Holmes,27,SAC,C,61,61,29.2,6.0,9.4,.637,0.0,0.2,.182,6.0,9.2,.645,.638,2.2,2.8,.794,2.4,5.9,8.3,1.7,0.6,1.6,1.2,3.5,14.2
119,Al Horford,34,OKC,C,28,28,27.9,5.8,12.9,.450,2.0,5.4,.368,3.8,7.4,.510,.528,0.6,0.8,.818,1.0,5.7,6.7,3.4,0.9,0.9,1.0,1.7,14.2
120,Marvin Bagley III,21,SAC,PF,43,42,25.9,5.7,11.4,.504,0.9,2.5,.343,4.9,8.9,.550,.542,1.8,3.1,.575,2.5,4.9,7.4,1.0,0.5,0.5,1.4,2.3,14.1
121,Joe Harris,29,BRK,SF,69,65,31.0,5.2,10.2,.505,3.1,6.4,.475,2.1,3.8,.555,.654,0.7,0.9,.778,0.6,3.0,3.6,1.9,0.7,0.2,0.9,2.0,14.1
122,Luguentz Dort,21,OKC,SG,52,52,29.7,4.8,12.3,.387,2.2,6.3,.343,2.6,6.0,.432,.475,2.3,3.2,.744,0.7,2.9,3.6,1.7,0.9,0.4,1.5,2.6,14.0
123,Rui Hachimura,22,WAS,PF,57,57,31.5,5.4,11.4,.478,0.8,2.4,.328,4.6,9.0,.519,.513,2.2,2.8,.770,0.9,4.6,5.5,1.4,0.8,0.1,1.2,2.1,13.8
124,Darius Bazley,20,OKC,PF,55,55,31.2,5.0,12.5,.396,1.5,5.2,.290,3.5,7.3,.470,.456,2.3,3.2,.702,0.9,6.3,7.2,1.8,0.5,0.5,2.2,1.1,13.7
125,Chris Boucher,28,TOR,C,60,14,24.2,4.8,9.3,.514,1.5,3.9,.383,3.3,5.4,.609,.595,2.5,3.2,.788,2.0,4.8,6.7,1.1,0.6,1.9,0.8,2.8,13.6
126,Lauri Markkanen,23,CHI,PF,51,26,25.8,4.9,10.2,.480,2.3,5.8,.402,2.6,4.4,.582,.594,1.5,1.8,.826,0.7,4.6,5.3,0.9,0.5,0.3,1.0,1.5,13.6
127,Doug McDermott,29,IND,PF,66,29,24.5,5.4,10.1,.532,1.7,4.3,.388,3.7,5.7,.641,.616,1.2,1.5,.816,0.9,2.4,3.3,1.3,0.3,0.1,0.8,1.8,13.6
128,Kelly Olynyk,29,2TM,PF,70,62,28.5,4.8,10.0,.484,1.8,5.3,.342,3.0,4.7,.641,.574,2.1,2.5,.829,1.2,5.7,7.0,2.9,1.1,0.6,1.8,3.0,13.5
129,Kelly Olynyk,29,MIA,C,43,38,26.9,3.8,8.7,.431,1.8,5.7,.317,2.0,3.1,.639,.533,0.7,0.9,.775,1.0,5.0,6.1,2.1,0.9,0.6,1.3,2.9,10.0
130,Kelly Olynyk,29,HOU,PF,27,24,31.1,6.5,11.9,.545,1.8,4.6,.392,4.7,7.3,.643,.621,4.2,5.0,.844,1.6,6.9,8.4,4.1,1.4,0.6,2.6,3.1,19.0
131,LaMarcus Aldridge,35,2TM,C,26,23,25.9,5.4,11.4,.473,1.2,3.1,.388,4.2,8.3,.505,.525,1.6,1.8,.872,0.7,3.8,4.5,1.9,0.4,1.1,1.0,1.8,13.5
132,LaMarcus Aldridge,35,SAS,C,21,18,25.9,5.5,11.8,.464,1.3,3.6,.360,4.2,8.2,.509,.518,1.5,1.8,.838,0.8,3.7,4.5,1.7,0.4,0.9,1.0,1.7,13.7
133,LaMarcus Aldridge,35,BRK,C,5,5,26.0,5.0,9.6,.521,0.8,1.0,.800,4.2,8.6,.488,.563,2.0,2.0,1.000,0.4,4.4,4.8,2.6,0.6,2.2,1.4,2.2,12.8
134,Mikal Bridges,24,PHO,SF,72,72,32.6,5.0,9.3,.543,1.9,4.4,.425,3.2,4.9,.647,.643,1.5,1.8,.840,1.1,3.2,4.3,2.1,1.1,0.9,0.8,1.6,13.5
135,Montrezl Harrell,27,LAL,C,69,1,22.9,5.4,8.7,.622,0.0,0.1,.000,5.4,8.6,.632,.622,2.6,3.7,.707,2.3,3.9,6.2,1.1,0.7,0.7,1.1,1.9,13.5
136,Carmelo Anthony,36,POR,PF,69,3,24.5,4.7,11.3,.421,1.9,4.7,.409,2.8,6.6,.429,.506,2.0,2.2,.890,0.5,2.6,3.1,1.5,0.7,0.6,0.9,2.1,13.4
137,Goran DragiÄ,34,MIA,PG,50,11,26.7,4.8,11.1,.432,1.8,4.9,.373,3.0,6.2,.479,.514,2.0,2.4,.828,0.5,2.9,3.4,4.4,0.7,0.2,2.4,2.3,13.4
138,Josh Jackson,23,DET,SG,62,25,25.2,4.8,11.4,.419,1.2,4.1,.300,3.5,7.3,.487,.473,2.6,3.5,.729,0.9,3.2,4.1,2.3,0.9,0.8,2.3,2.9,13.4
139,Marcus Morris,31,LAC,PF,57,29,26.4,4.8,10.2,.473,2.5,5.2,.473,2.4,5.1,.472,.592,1.3,1.6,.820,0.6,3.5,4.1,1.0,0.6,0.3,1.0,2.1,13.4
140,Danilo Gallinari,32,ATL,PF,51,4,24.0,4.0,9.3,.434,2.0,5.0,.406,2.0,4.3,.466,.542,3.2,3.4,.925,0.3,3.8,4.1,1.5,0.6,0.2,0.8,2.1,13.3
141,Duncan Robinson,26,MIA,SF,72,72,31.4,4.4,10.0,.439,3.5,8.5,.408,0.9,1.4,.625,.614,0.9,1.0,.827,0.1,3.4,3.5,1.8,0.6,0.3,1.1,2.5,13.1
142,Marcus Smart,26,BOS,PG,48,45,32.9,4.2,10.6,.398,1.9,5.9,.330,2.3,4.8,.482,.489,2.7,3.4,.790,0.8,2.7,3.5,5.7,1.5,0.5,2.0,2.6,13.1
143,Tyrese Haliburton,20,SAC,PG,58,20,30.1,5.0,10.7,.472,2.1,5.1,.409,2.9,5.6,.529,.569,0.8,1.0,.857,0.7,2.3,3.0,5.3,1.3,0.5,1.6,1.4,13.0
144,Shake Milton,24,PHI,SG,63,4,23.2,4.8,10.6,.450,1.1,3.2,.350,3.6,7.4,.494,.503,2.3,2.8,.830,0.5,1.8,2.3,3.1,0.6,0.3,1.6,2.1,13.0
145,Cole Anthony,20,ORL,PG,47,34,27.1,4.7,11.7,.397,1.2,3.7,.337,3.4,8.1,.424,.449,2.3,2.8,.832,0.8,3.9,4.7,4.1,0.6,0.4,2.3,2.1,12.9
146,Markelle Fultz,22,ORL,PG,8,8,26.9,5.1,13.0,.394,0.5,2.0,.250,4.6,11.0,.420,.413,2.1,2.4,.895,0.6,2.5,3.1,5.4,1.0,0.3,2.3,2.3,12.9
147,Kyle Kuzma,25,LAL,SF,68,32,28.7,4.9,11.1,.443,2.0,5.6,.361,2.9,5.5,.525,.533,1.0,1.4,.691,1.6,4.5,6.1,1.9,0.5,0.6,1.7,1.8,12.9
148,P.J. Washington,22,CHO,PF,64,61,30.5,4.7,10.7,.440,1.8,4.5,.386,3.0,6.2,.480,.522,1.7,2.3,.745,1.5,5.1,6.5,2.5,1.1,1.2,2.0,2.7,12.9
149,Jarrett Allen,22,2TM,C,63,45,29.6,4.7,7.7,.618,0.1,0.3,.316,4.6,7.3,.631,.624,3.2,4.6,.703,3.1,6.9,10.0,1.7,0.5,1.4,1.6,1.5,12.8
150,Jarrett Allen,22,BRK,C,12,5,26.7,3.7,5.4,.677,0.0,0.0,,3.7,5.4,.677,.677,3.8,5.1,.754,3.2,7.3,10.4,1.7,0.6,1.6,1.8,1.8,11.2
151,Jarrett Allen,22,CLE,C,51,40,30.3,5.0,8.2,.609,0.1,0.4,.316,4.9,7.8,.623,.616,3.1,4.5,.690,3.1,6.8,9.9,1.7,0.5,1.4,1.5,1.5,13.2
152,Keldon Johnson,21,SAS,SF,69,67,28.5,4.9,10.2,.479,0.9,2.6,.331,4.0,7.6,.531,.522,2.1,2.8,.740,1.3,4.6,6.0,1.8,0.6,0.3,1.1,2.1,12.8
153,Will Barton,30,DEN,SF,56,52,31.0,4.6,10.9,.426,1.8,4.6,.381,2.9,6.3,.459,.507,1.7,2.2,.785,0.7,3.3,4.0,3.2,0.9,0.4,1.7,1.7,12.7
154,Miles Bridges,22,CHO,PF,66,19,29.3,4.7,9.4,.503,1.8,4.4,.400,3.0,5.0,.593,.596,1.5,1.7,.867,1.2,4.8,6.0,2.2,0.7,0.8,1.6,2.2,12.7
155,Alec Burks,29,NYK,SG,49,5,25.6,4.3,10.2,.420,2.1,5.0,.415,2.2,5.2,.425,.522,2.1,2.4,.856,0.4,4.2,4.6,2.2,0.6,0.3,1.0,2.1,12.7
156,Jalen Brunson,24,DAL,PG,68,12,25.0,4.8,9.2,.523,1.2,2.9,.405,3.6,6.3,.578,.588,1.8,2.2,.795,0.4,3.0,3.4,3.5,0.5,0.0,1.2,1.6,12.6
157,Myles Turner,24,IND,C,47,47,31.0,4.4,9.2,.477,1.5,4.4,.335,2.9,4.8,.606,.557,2.4,3.0,.782,1.3,5.2,6.5,1.0,0.9,3.4,1.4,3.5,12.6
158,Seth Curry,30,PHI,SG,57,57,28.7,4.5,9.7,.467,2.2,4.9,.450,2.3,4.8,.485,.582,1.2,1.4,.896,0.2,2.2,2.4,2.7,0.8,0.1,1.1,1.7,12.5
159,Aaron Gordon,25,2TM,PF,50,50,27.7,4.6,10.0,.463,1.2,3.5,.335,3.4,6.5,.533,.522,1.9,3.0,.651,1.5,4.1,5.7,3.2,0.7,0.7,1.9,1.8,12.4
160,Aaron Gordon,25,ORL,PF,25,25,29.4,5.1,11.7,.437,1.7,4.5,.375,3.4,7.2,.475,.509,2.6,4.2,.629,1.6,5.1,6.6,4.2,0.6,0.8,2.7,2.0,14.6
161,Aaron Gordon,25,DEN,PF,25,25,25.9,4.1,8.2,.500,0.7,2.6,.266,3.4,5.7,.606,.541,1.2,1.8,.705,1.5,3.2,4.7,2.2,0.7,0.6,1.2,1.6,10.2
162,Kyle Anderson,27,MEM,PF,69,69,27.3,4.5,9.5,.468,1.4,3.8,.360,3.1,5.8,.539,.540,2.1,2.7,.783,0.8,5.0,5.7,3.6,1.2,0.8,1.2,1.7,12.4
163,Brook Lopez,32,MIL,C,70,70,27.2,4.6,9.1,.503,1.4,4.0,.338,3.2,5.1,.632,.577,1.7,2.0,.845,1.5,3.5,5.0,0.7,0.6,1.5,0.9,2.1,12.3
164,Saddiq Bey,21,DET,SF,70,53,27.3,4.0,9.9,.404,2.5,6.6,.380,1.5,3.3,.450,.530,1.8,2.1,.844,0.6,3.9,4.5,1.4,0.7,0.2,0.9,1.6,12.2
165,Eric Bledsoe,31,NOP,SG,71,70,29.7,4.3,10.3,.421,1.7,5.0,.341,2.6,5.3,.496,.503,1.9,2.7,.687,0.4,3.0,3.4,3.8,0.8,0.3,1.6,1.6,12.2
166,Kevin Love,32,CLE,PF,25,25,24.9,4.1,10.1,.409,2.3,6.2,.365,1.8,3.8,.479,.522,1.7,2.0,.824,0.7,6.8,7.4,2.5,0.6,0.1,1.5,1.0,12.2
167,Joe Ingles,33,UTA,SF,67,30,27.9,4.1,8.4,.489,2.7,6.1,.451,1.4,2.3,.590,.652,1.1,1.3,.844,0.4,3.2,3.6,4.7,0.7,0.2,1.7,1.8,12.1
168,Josh Richardson,27,DAL,SG,59,56,30.3,4.5,10.5,.427,1.5,4.5,.330,3.0,5.9,.501,.498,1.7,1.8,.917,0.9,2.4,3.3,2.6,1.0,0.4,1.3,2.2,12.1
169,Thaddeus Young,32,CHI,PF,68,23,24.3,5.4,9.7,.559,0.2,0.7,.267,5.3,9.1,.580,.568,1.0,1.7,.628,2.5,3.8,6.2,4.3,1.1,0.6,2.0,2.2,12.1
170,Jordan Poole,21,GSW,SG,51,7,19.4,4.0,9.3,.432,1.9,5.4,.351,2.1,3.9,.545,.535,2.1,2.3,.882,0.3,1.5,1.8,1.9,0.5,0.2,1.0,1.7,12.0
171,Kevin Huerter,22,ATL,SG,69,49,30.8,4.6,10.6,.432,2.0,5.6,.363,2.6,5.0,.510,.528,0.7,0.9,.781,0.6,2.8,3.3,3.5,1.2,0.3,1.1,2.4,11.9
172,Malik Monk,22,CHO,SG,42,0,20.9,4.1,9.5,.434,2.0,5.0,.401,2.1,4.5,.471,.540,1.4,1.7,.819,0.3,2.1,2.4,2.1,0.5,0.1,1.3,1.1,11.7
173,Hamidou Diallo,22,2TM,SF,52,9,23.6,4.3,9.0,.477,0.5,1.6,.341,3.8,7.5,.505,.506,2.5,3.8,.640,1.1,4.1,5.2,1.9,0.8,0.5,1.5,2.6,11.6
174,Hamidou Diallo,22,OKC,SG,32,5,23.8,4.5,9.3,.481,0.4,1.3,.293,4.1,8.0,.512,.502,2.6,4.1,.629,1.2,4.0,5.2,2.4,1.0,0.4,1.5,2.6,11.9
175,Hamidou Diallo,22,DET,SF,20,4,23.3,4.1,8.7,.468,0.8,2.1,.390,3.3,6.6,.492,.514,2.3,3.4,.662,1.1,4.3,5.4,1.2,0.5,0.6,1.4,2.6,11.2
176,DÄvis BertÄns,28,WAS,PF,57,7,25.7,3.4,8.4,.404,3.0,7.5,.395,0.4,0.9,.480,.581,1.8,2.0,.870,0.3,2.6,2.9,0.9,0.6,0.2,0.6,2.4,11.5
177,Jusuf NurkiÄ,26,POR,C,37,37,23.8,4.6,9.0,.514,0.3,0.8,.400,4.3,8.2,.525,.532,1.9,3.1,.619,2.3,6.6,9.0,3.4,1.0,1.1,2.0,2.8,11.5
178,James Wiseman,19,GSW,C,39,27,21.4,4.9,9.4,.519,0.3,1.0,.316,4.6,8.5,.542,.535,1.4,2.2,.628,1.4,4.4,5.8,0.7,0.3,0.9,1.5,3.1,11.5
179,Rudy Gay,34,SAS,PF,63,1,21.6,4.2,10.0,.420,1.7,4.4,.381,2.5,5.6,.451,.505,1.3,1.6,.804,0.7,4.1,4.8,1.4,0.7,0.6,1.0,1.8,11.4
180,Bobby Portis,25,MIL,C,66,7,20.8,4.7,9.1,.523,1.1,2.4,.471,3.6,6.7,.542,.585,0.8,1.1,.740,1.9,5.2,7.1,1.1,0.8,0.4,0.8,1.7,11.4
181,Immanuel Quickley,21,NYK,PG,64,3,19.4,3.6,9.1,.395,1.8,4.7,.389,1.7,4.3,.401,.497,2.4,2.7,.891,0.4,1.8,2.1,2.0,0.5,0.2,0.9,1.8,11.4
182,Lou Williams,34,2TM,PG,66,4,21.6,4.0,9.8,.410,1.0,2.6,.399,3.0,7.2,.414,.464,2.3,2.6,.867,0.3,1.8,2.1,3.4,0.7,0.1,1.6,0.9,11.3
183,Lou Williams,34,LAC,PG,42,3,21.9,4.3,10.2,.421,1.1,2.8,.378,3.2,7.4,.437,.473,2.5,2.8,.866,0.4,1.7,2.1,3.4,0.9,0.1,1.6,1.0,12.1
184,Lou Williams,34,ATL,PG,24,1,21.0,3.5,9.0,.389,1.0,2.3,.444,2.5,6.8,.370,.444,2.0,2.3,.870,0.3,1.8,2.1,3.4,0.3,0.1,1.8,0.8,10.0
185,Jae'Sean Tate,25,HOU,SF,70,58,29.2,4.5,8.9,.506,0.9,2.8,.308,3.7,6.1,.595,.554,1.5,2.1,.694,1.9,3.5,5.3,2.5,1.2,0.5,1.4,3.2,11.3
186,Wendell Carter Jr.,21,2TM,C,54,44,25.5,4.3,8.5,.503,0.3,0.9,.294,4.0,7.5,.530,.520,2.4,3.3,.732,2.4,5.8,8.2,1.9,0.6,0.8,1.4,2.7,11.2
187,Wendell Carter Jr.,21,CHI,C,32,25,24.8,4.0,7.9,.512,0.3,0.7,.364,3.8,7.2,.526,.528,2.6,3.5,.739,2.2,5.6,7.8,2.2,0.6,0.8,1.5,3.0,10.9
188,Wendell Carter Jr.,21,ORL,C,22,19,26.5,4.6,9.3,.493,0.3,1.3,.241,4.3,8.0,.534,.510,2.2,3.1,.721,2.8,6.0,8.8,1.6,0.8,0.8,1.3,2.3,11.7
189,Armoni Brooks,22,HOU,SG,20,5,26.0,3.9,9.6,.406,3.0,7.9,.382,0.9,1.8,.514,.563,0.4,0.6,.583,0.5,2.9,3.4,1.5,0.6,0.3,1.1,1.7,11.2
190,Enes Freedom,28,POR,C,72,35,24.4,4.7,7.8,.604,0.0,0.1,.250,4.7,7.7,.607,.605,1.8,2.3,.774,3.9,7.1,11.0,1.2,0.5,0.7,1.1,2.3,11.2
191,Cam Reddish,21,ATL,SF,26,21,28.8,3.7,10.1,.365,1.3,4.8,.262,2.4,5.3,.460,.428,2.6,3.2,.817,0.8,3.2,4.0,1.3,1.3,0.3,1.3,2.6,11.2
192,Naz Reid,21,MIN,C,70,15,19.2,4.3,8.3,.523,0.9,2.5,.351,3.5,5.8,.597,.576,1.6,2.4,.693,1.2,3.4,4.6,1.0,0.5,1.1,1.0,2.6,11.2
193,Lonnie Walker IV,22,SAS,SG,60,38,25.4,4.3,10.2,.420,1.7,4.7,.355,2.6,5.5,.477,.502,1.0,1.2,.814,0.2,2.4,2.6,1.7,0.5,0.3,1.1,1.7,11.2
194,Serge Ibaka,31,LAC,C,41,39,23.3,4.5,8.9,.510,1.0,2.8,.339,3.6,6.1,.588,.563,1.0,1.3,.811,1.8,4.9,6.7,1.8,0.2,1.1,1.1,1.9,11.1
195,Blake Griffin,31,2TM,PF,46,30,25.8,3.8,8.9,.423,1.5,4.5,.341,2.3,4.5,.505,.509,1.9,2.5,.744,0.8,4.1,4.9,3.0,0.7,0.3,1.3,2.4,11.0
196,Blake Griffin,31,DET,PF,20,20,31.3,4.1,11.1,.365,2.0,6.2,.315,2.1,4.9,.429,.453,2.2,3.1,.710,0.4,4.9,5.2,3.9,0.7,0.1,1.6,2.1,12.3
197,Blake Griffin,31,BRK,PF,26,10,21.5,3.6,7.3,.492,1.2,3.1,.383,2.4,4.2,.574,.574,1.7,2.1,.782,1.1,3.6,4.7,2.4,0.7,0.5,1.2,2.7,10.0
198,Nickeil Alexander-Walker,22,NOP,SG,46,13,21.9,4.2,10.0,.419,1.7,4.8,.347,2.5,5.2,.485,.502,1.0,1.4,.727,0.3,2.8,3.1,2.2,1.0,0.5,1.5,1.9,11.0
199,Jeff Green,34,BRK,PF,68,38,27.0,3.8,7.8,.492,1.5,3.7,.412,2.3,4.1,.564,.590,1.8,2.4,.776,0.5,3.4,3.9,1.6,0.5,0.4,0.8,1.8,11.0
200,Dwayne Bacon,25,ORL,SG,72,50,25.7,4.1,10.1,.402,0.8,2.9,.285,3.2,7.2,.449,.443,2.0,2.4,.824,0.4,2.7,3.1,1.3,0.6,0.1,0.6,1.4,10.9
201,Oshae Brissett,22,IND,SF,21,16,24.7,3.5,7.2,.483,1.6,3.7,.423,1.9,3.5,.548,.593,2.4,3.1,.769,1.4,4.1,5.5,0.9,0.9,1.0,0.5,1.5,10.9
202,Reggie Bullock,29,NYK,SF,65,64,30.0,3.8,8.6,.442,2.5,6.1,.410,1.3,2.5,.521,.587,0.8,0.8,.909,0.2,3.2,3.4,1.5,0.8,0.2,0.7,2.2,10.9
203,Patty Mills,32,SAS,PG,68,1,24.8,3.7,9.0,.412,2.4,6.3,.375,1.3,2.7,.500,.544,1.0,1.1,.910,0.3,1.4,1.7,2.4,0.6,0.0,1.0,1.2,10.8
204,Cameron Oliver,24,HOU,SF,4,0,21.8,4.8,8.3,.576,1.0,3.3,.308,3.8,5.0,.750,.636,0.3,1.0,.250,1.3,4.0,5.3,1.3,0.5,1.0,0.8,2.8,10.8
205,Reggie Jackson,30,LAC,SG,67,43,23.0,3.9,8.7,.450,1.8,4.2,.433,2.1,4.5,.465,.554,1.0,1.2,.817,0.4,2.5,2.9,3.1,0.6,0.1,1.1,1.9,10.7
206,Ty Jerome,23,OKC,SG,33,1,23.9,3.9,8.7,.446,2.2,5.1,.423,1.7,3.6,.479,.570,0.8,1.0,.765,0.3,2.5,2.8,3.6,0.6,0.2,1.4,1.8,10.7
207,Grayson Allen,25,MEM,SG,50,38,25.2,3.5,8.3,.418,2.1,5.5,.391,1.3,2.8,.471,.547,1.6,1.8,.868,0.4,2.8,3.2,2.2,0.9,0.2,1.0,1.4,10.6
208,Justin Holiday,31,IND,SG,72,52,30.3,3.6,8.7,.413,2.4,6.3,.382,1.2,2.4,.494,.551,0.9,1.2,.788,0.4,3.1,3.6,1.7,1.0,0.6,0.8,1.9,10.5
209,Donte DiVincenzo,24,MIL,SG,66,66,27.5,3.8,9.1,.420,2.0,5.2,.379,1.8,3.9,.475,.528,0.8,1.1,.718,1.2,4.5,5.8,3.1,1.1,0.2,1.4,1.7,10.4
210,Cedi Osman,25,CLE,SF,59,26,25.6,3.7,9.9,.374,1.7,5.5,.306,2.0,4.4,.458,.458,1.3,1.6,.800,0.6,2.8,3.4,2.9,0.9,0.2,1.4,2.0,10.4
211,Mason Plumlee,30,DET,C,56,56,26.8,4.2,6.8,.614,0.0,0.1,.000,4.2,6.7,.626,.614,2.0,3.0,.669,2.6,6.7,9.3,3.6,0.8,0.9,1.9,3.3,10.4
212,Brandon Clarke,24,MEM,PF,59,16,24.0,4.3,8.4,.517,0.3,1.3,.260,4.0,7.1,.565,.537,1.3,1.9,.690,1.6,3.9,5.6,1.6,1.0,0.9,0.6,1.4,10.3
213,Delon Wright,28,2TM,PG,63,39,27.7,3.8,8.2,.463,1.0,2.7,.372,2.8,5.5,.509,.525,1.6,2.0,.802,1.0,3.2,4.3,4.4,1.6,0.5,1.3,1.2,10.2
214,Delon Wright,28,DET,PG,36,31,29.2,3.8,8.1,.464,0.9,2.5,.348,2.9,5.7,.515,.517,2.0,2.5,.789,1.0,3.5,4.6,5.0,1.6,0.5,1.3,1.3,10.4
215,Delon Wright,28,SAC,PG,27,8,25.8,3.9,8.3,.462,1.2,3.1,.398,2.6,5.3,.500,.536,1.1,1.3,.833,1.0,2.9,3.9,3.6,1.6,0.4,1.3,1.1,10.0
216,Monte Morris,25,DEN,PG,47,13,25.4,4.0,8.2,.481,1.1,2.9,.381,2.9,5.4,.534,.547,1.2,1.6,.795,0.2,1.8,2.0,3.2,0.7,0.3,0.7,1.0,10.2
217,Jae Crowder,30,PHO,PF,60,42,27.5,3.3,8.2,.404,2.5,6.3,.389,0.9,1.9,.455,.555,1.0,1.3,.760,0.5,4.2,4.7,2.1,0.8,0.5,0.9,2.1,10.1
218,Jeremy Lamb,28,IND,SG,36,8,21.3,3.3,7.7,.435,1.4,3.6,.406,1.9,4.1,.459,.529,2.0,2.1,.947,0.7,2.9,3.6,1.5,0.9,0.6,0.6,2.0,10.1
219,ThÃ©o Maledon,19,OKC,PG,65,49,27.4,3.5,9.4,.368,1.6,4.8,.335,1.9,4.6,.402,.454,1.6,2.1,.748,0.4,2.9,3.2,3.5,0.9,0.2,2.2,1.9,10.1
220,Elfrid Payton,26,NYK,PG,63,63,23.6,4.3,9.9,.432,0.4,1.6,.286,3.8,8.3,.460,.455,1.2,1.7,.682,1.0,2.4,3.4,3.2,0.7,0.1,1.6,1.8,10.1
221,Bryn Forbes,27,MIL,SG,70,10,19.3,3.6,7.6,.473,2.2,4.9,.452,1.4,2.7,.511,.618,0.7,0.9,.770,0.2,1.4,1.6,0.6,0.3,0.0,0.6,1.1,10.0
222,Gary Harris,26,2TM,SG,39,38,27.7,3.5,8.8,.400,1.2,3.6,.340,2.3,5.2,.441,.470,1.6,2.0,.821,0.5,1.5,2.0,2.0,0.7,0.3,0.9,1.8,9.9
223,Gary Harris,26,DEN,SG,19,19,30.6,3.6,8.2,.442,1.3,3.9,.320,2.4,4.3,.556,.519,1.2,1.6,.733,0.7,1.8,2.5,1.7,0.9,0.2,0.7,1.9,9.7
224,Gary Harris,26,ORL,SG,20,19,25.0,3.5,9.5,.365,1.2,3.3,.364,2.3,6.2,.366,.429,2.1,2.4,.875,0.4,1.2,1.6,2.3,0.6,0.4,1.2,1.7,10.2
225,Dorian Finney-Smith,27,DAL,PF,60,60,32.0,3.7,7.8,.472,2.0,5.0,.394,1.7,2.7,.616,.600,0.5,0.7,.756,1.6,3.8,5.4,1.7,0.9,0.4,0.8,2.3,9.8
226,Frank Jackson,22,DET,PG,40,6,18.5,3.4,7.3,.457,1.5,3.8,.407,1.8,3.6,.510,.561,1.5,1.9,.813,0.4,1.8,2.2,0.9,0.4,0.0,0.9,1.3,9.8
227,Otto Porter Jr.,27,2TM,SF,28,6,21.6,3.5,8.1,.432,1.4,3.7,.375,2.1,4.4,.480,.518,1.3,1.5,.857,1.0,4.4,5.4,2.0,0.6,0.1,0.9,1.5,9.7
228,Otto Porter Jr.,27,CHI,SF,25,6,21.6,3.6,8.1,.441,1.5,3.8,.400,2.0,4.3,.477,.535,1.2,1.5,.838,1.1,4.4,5.5,2.0,0.5,0.2,1.0,1.5,9.9
229,Otto Porter Jr.,27,ORL,PF,3,0,22.0,3.0,8.3,.360,0.3,3.0,.111,2.7,5.3,.500,.380,1.7,1.7,1.000,0.0,4.7,4.7,1.7,1.3,0.0,0.0,1.3,8.0
230,Kentavious Caldwell-Pope,27,LAL,SG,67,67,28.4,3.3,7.6,.431,1.8,4.4,.410,1.5,3.2,.460,.549,1.4,1.7,.866,0.4,2.3,2.7,1.9,0.9,0.4,1.0,1.7,9.7
231,Mike Muscala,29,OKC,C,35,0,18.4,3.4,7.6,.446,1.9,5.3,.370,1.5,2.4,.614,.573,0.9,1.0,.917,0.5,3.2,3.8,0.8,0.2,0.3,0.6,1.5,9.7
232,Daniel Theis,28,2TM,C,65,51,24.6,3.9,7.2,.541,0.8,2.3,.322,3.1,4.8,.646,.593,1.1,1.7,.673,1.4,4.0,5.5,1.7,0.6,0.9,1.0,2.6,9.6
233,Daniel Theis,28,BOS,C,42,37,24.5,3.8,6.9,.552,0.8,2.3,.347,3.0,4.6,.653,.609,1.1,1.6,.687,1.3,4.0,5.2,1.6,0.6,1.0,1.0,2.9,9.5
234,Daniel Theis,28,CHI,C,23,14,25.0,4.0,7.7,.522,0.7,2.5,.281,3.3,5.3,.636,.567,1.2,1.9,.651,1.7,4.2,5.9,1.8,0.7,0.6,1.1,2.0,10.0
235,Wayne Ellington,33,DET,SG,46,31,22.0,3.2,7.3,.441,2.5,6.0,.422,0.7,1.4,.524,.612,0.6,0.8,.800,0.3,1.6,1.8,1.5,0.4,0.2,0.7,1.3,9.6
236,Cameron Johnson,24,PHO,PF,60,11,24.0,3.4,8.1,.420,2.0,5.6,.349,1.4,2.5,.581,.541,0.8,1.0,.847,0.6,2.8,3.3,1.4,0.6,0.3,0.7,1.4,9.6
237,Isaac Okoro,20,CLE,SG,67,67,32.4,3.5,8.3,.420,0.9,3.2,.290,2.6,5.1,.501,.476,1.7,2.3,.726,1.0,2.1,3.1,1.9,0.9,0.4,1.3,2.8,9.6
238,Taurean Prince,26,2TM,PF,41,10,22.1,3.2,8.0,.401,1.5,3.8,.400,1.7,4.2,.401,.495,1.6,1.9,.855,0.5,3.0,3.5,1.9,0.7,0.6,1.1,1.8,9.5
239,Taurean Prince,26,BRK,PF,12,4,18.2,2.5,6.2,.405,1.1,3.1,.351,1.4,3.1,.459,.493,2.0,2.3,.889,0.2,2.7,2.8,0.6,0.7,0.7,0.9,1.8,8.1
240,Taurean Prince,26,CLE,PF,29,6,23.7,3.5,8.7,.399,1.7,4.1,.415,1.8,4.7,.385,.496,1.4,1.7,.837,0.6,3.1,3.7,2.4,0.7,0.5,1.2,1.9,10.1
241,Danny Green,33,PHI,SF,69,69,28.0,3.2,7.9,.412,2.5,6.3,.405,0.7,1.6,.438,.573,0.4,0.6,.775,0.8,3.0,3.8,1.7,1.3,0.8,1.0,1.8,9.5
242,Eric Paschall,24,GSW,PF,40,2,17.4,3.7,7.5,.497,0.5,1.4,.333,3.3,6.1,.533,.527,1.7,2.4,.713,0.7,2.5,3.2,1.3,0.3,0.2,1.1,1.7,9.5
243,Trevor Ariza,35,MIA,SF,30,27,28.0,3.3,8.0,.411,1.7,4.8,.350,1.6,3.3,.500,.515,1.1,1.5,.773,0.9,3.9,4.8,1.8,1.0,0.6,0.7,1.8,9.4
244,Cody Zeller,28,CHO,C,48,21,20.9,3.8,6.8,.559,0.1,0.6,.143,3.7,6.2,.598,.565,1.8,2.5,.714,2.5,4.4,6.8,1.8,0.6,0.4,1.1,2.5,9.4
245,KJ Martin,20,HOU,SF,45,8,23.7,3.6,7.1,.509,0.8,2.1,.365,2.8,4.9,.572,.564,1.3,1.9,.714,1.6,3.8,5.4,1.1,0.7,0.9,0.8,2.0,9.3
246,Larry Nance Jr.,28,CLE,PF,35,27,31.2,3.7,7.8,.471,1.2,3.3,.360,2.5,4.5,.551,.546,0.9,1.4,.612,1.5,5.2,6.7,3.1,1.7,0.5,1.6,2.1,9.3
247,Landry Shamet,23,BRK,SG,61,12,23.0,3.0,7.5,.408,2.1,5.5,.387,0.9,2.0,.463,.549,1.1,1.3,.846,0.2,1.7,1.8,1.6,0.5,0.2,0.8,1.5,9.3
248,Desmond Bane,22,MEM,SG,68,17,22.3,3.4,7.3,.469,1.7,4.0,.432,1.7,3.4,.513,.586,0.6,0.7,.816,0.5,2.6,3.1,1.7,0.6,0.2,0.9,1.8,9.2
249,Josh Hart,25,NOP,SF,47,4,28.7,3.2,7.3,.439,1.3,4.1,.326,1.9,3.2,.583,.531,1.5,1.9,.775,1.1,6.9,8.0,2.3,0.8,0.3,1.0,2.4,9.2
250,David Nwaba,28,HOU,SF,30,9,22.6,3.5,7.3,.486,0.6,2.1,.270,3.0,5.2,.574,.525,1.6,2.3,.691,1.3,2.6,3.9,1.0,1.0,0.7,0.6,2.0,9.2
251,Patrick Williams,19,CHI,PF,71,71,27.9,3.6,7.4,.483,0.8,1.9,.391,2.8,5.5,.515,.534,1.3,1.8,.728,0.9,3.7,4.6,1.4,0.9,0.6,1.4,1.8,9.2
252,Furkan Korkmaz,23,PHI,SG,55,11,19.3,3.1,7.7,.401,1.8,4.9,.375,1.3,2.8,.445,.520,1.1,1.5,.732,0.3,1.7,2.1,1.5,0.9,0.2,0.8,1.2,9.1
253,De'Anthony Melton,22,MEM,PG,52,1,20.1,3.3,7.6,.438,1.7,4.1,.412,1.6,3.5,.467,.548,0.8,1.0,.804,0.6,2.5,3.1,2.5,1.2,0.6,1.3,1.6,9.1
254,Talen Horton-Tucker,20,LAL,SG,65,4,20.1,3.4,7.5,.458,0.6,2.0,.282,2.9,5.5,.522,.496,1.5,2.0,.775,0.4,2.2,2.6,2.8,1.0,0.3,1.6,2.0,9.0
255,Robin Lopez,32,WAS,C,71,9,19.1,3.8,6.0,.633,0.1,0.3,.278,3.7,5.7,.649,.639,1.4,1.9,.723,2.0,1.8,3.8,0.8,0.2,0.6,1.1,1.5,9.0
256,Paul Millsap,35,DEN,PF,56,36,20.8,3.4,7.2,.476,0.9,2.6,.343,2.5,4.6,.550,.537,1.3,1.8,.724,1.4,3.3,4.7,1.8,0.9,0.6,0.9,2.0,9.0
257,Jaylen Nowell,21,MIN,SG,42,0,18.1,3.4,8.0,.424,1.2,3.6,.333,2.2,4.4,.497,.499,1.1,1.3,.818,0.5,1.8,2.3,1.5,0.5,0.3,0.7,1.7,9.0
258,Ivica Zubac,23,LAC,C,72,33,22.3,3.6,5.5,.652,0.0,0.1,.250,3.6,5.4,.656,.654,1.9,2.4,.789,2.6,4.6,7.2,1.3,0.3,0.9,1.1,2.6,9.0
259,DeMarcus Cousins,30,2TM,C,41,11,17.4,3.2,7.4,.426,1.1,3.3,.348,2.0,4.1,.488,.503,1.4,2.0,.728,1.3,5.1,6.4,1.9,0.8,0.6,1.6,2.6,8.9
260,DeMarcus Cousins,30,HOU,C,25,11,20.2,3.2,8.4,.376,1.6,4.6,.336,1.6,3.8,.426,.469,1.8,2.4,.746,1.2,6.4,7.6,2.4,0.8,0.7,1.6,3.0,9.6
261,DeMarcus Cousins,30,LAC,C,16,0,12.9,3.2,5.9,.537,0.5,1.2,.421,2.7,4.8,.566,.579,0.9,1.4,.682,1.4,3.1,4.5,1.0,0.8,0.4,1.6,2.1,7.8
262,Bruce Brown,24,BRK,PG,65,37,22.3,3.6,6.5,.556,0.3,0.9,.288,3.4,5.6,.599,.576,1.3,1.8,.735,1.7,3.7,5.4,1.6,0.9,0.4,0.8,2.2,8.8
263,Michael Carter-Williams,29,ORL,SG,31,25,25.8,3.4,8.7,.389,0.5,2.0,.246,2.9,6.7,.431,.417,1.6,2.6,.613,1.3,3.2,4.5,4.2,0.8,0.5,2.2,2.6,8.8
264,Danuel House Jr.,27,HOU,SF,36,23,25.9,3.1,7.6,.404,1.5,4.3,.346,1.6,3.2,.483,.504,1.1,1.8,.651,0.5,3.2,3.7,1.9,0.6,0.4,1.0,1.9,8.8
265,Jay Scrubb,20,LAC,SG,4,1,21.0,3.5,9.0,.389,0.5,2.3,.222,3.0,6.8,.444,.417,1.3,1.3,1.000,0.5,3.0,3.5,0.3,1.0,0.0,1.8,1.3,8.8
266,George Hill,34,2TM,PG,30,17,22.4,3.2,6.6,.482,1.0,2.7,.388,2.1,3.9,.547,.561,1.3,1.7,.800,0.5,1.5,2.0,2.4,0.8,0.2,1.0,1.0,8.7
267,George Hill,34,OKC,PG,14,14,26.4,4.4,8.6,.508,1.6,4.1,.386,2.8,4.5,.619,.600,1.5,1.8,.840,0.6,1.5,2.1,3.1,0.9,0.1,0.9,0.9,11.8
268,George Hill,34,PHI,PG,16,3,18.9,2.1,4.8,.442,0.6,1.4,.391,1.6,3.4,.463,.500,1.2,1.6,.760,0.5,1.5,2.0,1.9,0.7,0.2,1.2,1.2,6.0
269,Terence Davis,23,2TM,SG,61,4,17.6,3.2,7.5,.428,1.6,4.4,.367,1.6,3.1,.513,.535,0.7,0.9,.818,0.3,2.2,2.5,1.4,0.7,0.2,1.0,1.6,8.7
270,Terence Davis,23,TOR,SG,34,4,14.5,2.6,6.2,.414,1.3,3.6,.361,1.3,2.6,.489,.519,0.5,0.5,.889,0.3,1.7,1.9,1.1,0.5,0.2,0.9,1.4,6.9
271,Terence Davis,23,SAC,SG,27,0,21.5,4.0,9.1,.439,2.0,5.4,.372,2.0,3.7,.535,.549,1.1,1.4,.784,0.4,2.9,3.3,1.7,1.0,0.3,1.3,1.8,11.1
272,Raul Neto,28,WAS,PG,64,22,21.9,3.3,7.0,.468,1.0,2.6,.390,2.3,4.4,.512,.539,1.2,1.3,.882,0.4,2.0,2.4,2.3,1.1,0.1,0.8,1.7,8.7
273,Isaiah Roby,22,OKC,PF,61,34,23.4,3.4,7.0,.483,0.5,1.8,.294,2.9,5.2,.547,.520,1.4,1.9,.744,1.5,4.1,5.6,1.8,0.9,0.6,1.9,2.7,8.7
274,Dario Å ariÄ,26,PHO,C,50,4,17.4,3.1,6.8,.447,0.9,2.7,.348,2.1,4.1,.512,.516,1.7,2.0,.848,0.9,2.9,3.8,1.3,0.6,0.1,1.1,1.9,8.7
275,Moses Brown,21,OKC,C,43,32,21.4,3.4,6.2,.545,0.0,0.0,,3.4,6.2,.545,.545,1.8,2.9,.619,3.6,5.3,8.9,0.2,0.7,1.1,1.0,2.2,8.6
276,T.J. McConnell,28,IND,PG,69,3,26.0,4.0,7.1,.559,0.2,0.7,.313,3.8,6.4,.586,.574,0.5,0.7,.688,0.8,2.9,3.7,6.6,1.9,0.3,2.0,1.6,8.6
277,Jakob Poeltl,25,SAS,C,69,51,26.7,3.8,6.2,.616,0.0,0.0,,3.8,6.2,.616,.616,0.9,1.8,.508,3.2,4.8,7.9,1.9,0.7,1.8,1.2,2.5,8.6
278,Ricky Rubio,30,MIN,PG,68,51,26.1,2.8,7.3,.388,1.0,3.1,.308,1.9,4.2,.447,.454,1.9,2.2,.867,0.4,2.9,3.3,6.4,1.4,0.1,1.6,2.0,8.6
279,Svi Mykhailiuk,23,2TM,SF,66,14,20.1,3.2,7.7,.411,1.6,4.8,.334,1.6,2.9,.536,.515,0.6,0.8,.760,0.4,2.1,2.5,1.7,0.8,0.2,1.3,1.0,8.5
280,Svi Mykhailiuk,23,DET,SF,36,5,17.6,2.3,6.2,.377,1.6,4.8,.333,0.8,1.4,.519,.504,0.7,0.8,.800,0.3,1.8,2.1,1.6,0.8,0.2,1.1,0.9,6.9
281,Svi Mykhailiuk,23,OKC,SF,30,9,23.0,4.1,9.4,.438,1.6,4.8,.336,2.5,4.7,.543,.523,0.5,0.7,.700,0.4,2.5,3.0,1.8,0.8,0.2,1.6,1.0,10.3
282,Robert Covington,30,POR,PF,70,70,32.0,2.9,7.3,.401,1.9,5.1,.379,1.0,2.2,.451,.533,0.7,0.9,.806,0.9,5.8,6.7,1.7,1.4,1.2,0.9,2.8,8.5
283,Gabriel Deck,25,OKC,PF,10,0,21.2,3.2,6.7,.478,0.2,1.5,.133,3.0,5.2,.577,.493,1.8,2.2,.818,1.6,2.4,4.0,2.4,0.8,0.0,0.6,0.9,8.4
284,James Ennis III,30,ORL,SF,41,37,24.0,2.8,5.9,.473,1.1,2.5,.433,1.7,3.4,.504,.566,1.7,2.1,.805,1.0,3.0,4.0,1.5,0.8,0.2,0.9,2.0,8.4
285,Cameron Payne,26,PHO,PG,60,1,18.0,3.2,6.6,.484,1.2,2.8,.440,2.0,3.8,.515,.576,0.8,0.9,.893,0.3,2.1,2.4,3.6,0.6,0.3,1.0,1.6,8.4
286,Luke Kennard,24,LAC,SG,63,17,19.6,3.1,6.6,.476,1.6,3.6,.446,1.5,3.0,.511,.597,0.4,0.5,.839,0.2,2.3,2.6,1.7,0.4,0.1,0.8,1.4,8.3
287,Mitchell Robinson,22,NYK,C,31,29,27.5,3.7,5.7,.653,0.0,0.0,,3.7,5.7,.653,.653,0.8,1.7,.491,3.6,4.5,8.1,0.5,1.1,1.5,0.8,2.8,8.3
288,Cory Joseph,29,2TM,PG,63,13,23.0,3.2,6.8,.469,0.7,2.1,.341,2.5,4.7,.527,.522,1.1,1.4,.818,0.6,2.0,2.5,3.4,1.0,0.3,1.3,2.2,8.2
289,Cory Joseph,29,SAC,PG,44,2,21.5,2.5,5.7,.444,0.7,2.1,.330,1.8,3.5,.513,.506,0.8,1.1,.766,0.6,1.7,2.3,2.5,0.9,0.2,1.0,2.2,6.6
290,Cory Joseph,29,DET,PG,19,11,26.4,4.7,9.3,.506,0.7,2.0,.368,3.9,7.3,.543,.545,1.9,2.2,.878,0.5,2.6,3.2,5.5,1.2,0.5,1.8,2.2,12.0
291,Sterling Brown,25,HOU,SG,51,14,24.1,2.9,6.6,.448,1.8,4.2,.423,1.2,2.4,.492,.584,0.5,0.6,.806,0.7,3.6,4.4,1.4,0.7,0.2,0.8,1.9,8.2
292,Aleksej Pokusevski,19,OKC,PF,45,28,24.2,3.1,9.1,.341,1.3,4.6,.280,1.8,4.5,.403,.412,0.7,0.9,.738,0.7,4.0,4.7,2.2,0.4,0.9,2.2,1.3,8.2
293,Nicolas Batum,32,LAC,SF,67,38,27.4,2.9,6.1,.464,1.6,4.1,.404,1.2,2.1,.579,.597,0.7,0.9,.828,0.7,4.0,4.7,2.2,1.0,0.6,0.8,1.5,8.1
294,JaMychal Green,30,DEN,PF,58,5,19.3,3.0,6.4,.463,1.4,3.4,.399,1.6,3.0,.534,.568,0.8,1.0,.807,1.5,3.3,4.8,0.9,0.4,0.4,0.9,2.5,8.1
295,Hassan Whiteside,31,SAC,C,36,4,15.2,3.5,6.2,.563,0.0,0.0,.000,3.5,6.2,.565,.563,1.1,2.2,.519,1.7,4.3,6.0,0.6,0.3,1.3,1.1,2.0,8.1
296,Mo Bamba,22,ORL,C,46,5,15.8,3.1,6.5,.472,0.8,2.6,.322,2.3,4.0,.568,.535,1.0,1.4,.682,1.7,4.1,5.8,0.8,0.3,1.3,0.8,1.9,8.0
297,Tyrese Maxey,20,PHI,SG,61,8,15.3,3.2,7.0,.462,0.5,1.7,.301,2.7,5.3,.512,.498,1.0,1.1,.871,0.2,1.5,1.7,2.0,0.4,0.2,0.7,1.3,8.0
298,Kenrich Williams,26,OKC,PF,66,13,21.6,3.3,6.2,.533,0.8,1.8,.444,2.5,4.5,.568,.596,0.5,1.0,.571,1.3,2.9,4.1,2.3,0.8,0.3,1.2,2.2,8.0
299,Robert Williams,23,BOS,C,52,13,18.9,3.6,5.0,.721,0.0,0.0,.000,3.6,4.9,.727,.721,0.9,1.4,.616,2.6,4.3,6.9,1.8,0.8,1.8,1.0,2.0,8.0
300,Austin Rivers,28,2TM,SG,36,7,23.5,2.9,6.8,.424,1.5,4.1,.369,1.4,2.7,.510,.537,0.6,0.9,.710,0.2,2.1,2.3,2.3,0.8,0.1,1.0,1.8,7.9
301,Austin Rivers,28,NYK,SG,21,2,21.0,2.8,6.4,.430,1.3,3.7,.364,1.4,2.8,.517,.533,0.5,0.7,.714,0.2,2.0,2.2,2.0,0.6,0.0,1.0,1.5,7.3
302,Austin Rivers,28,DEN,SG,15,5,26.9,3.1,7.3,.418,1.8,4.8,.375,1.3,2.5,.500,.541,0.8,1.1,.706,0.2,2.1,2.3,2.6,1.2,0.1,0.9,2.1,8.7
303,Isaiah Stewart,19,DET,C,68,14,21.4,3.3,6.0,.553,0.3,0.9,.333,3.0,5.1,.592,.578,0.9,1.4,.696,2.3,4.3,6.7,0.9,0.6,1.3,1.0,2.7,7.9
304,Willy HernangÃ³mez,26,NOP,C,47,12,18.0,3.2,5.7,.563,0.0,0.2,.100,3.2,5.5,.581,.565,1.3,2.0,.667,2.5,4.6,7.1,1.1,0.5,0.5,0.7,1.4,7.8
305,Chuma Okeke,22,ORL,PF,45,19,25.2,3.0,7.2,.417,1.1,3.1,.348,1.9,4.1,.470,.492,0.7,0.9,.750,0.9,3.1,4.0,2.2,1.1,0.5,0.8,1.1,7.8
306,Anfernee Simons,21,POR,SG,64,0,17.3,2.6,6.3,.419,1.9,4.4,.426,0.8,1.9,.403,.569,0.7,0.9,.807,0.2,2.0,2.2,1.4,0.3,0.1,0.7,1.5,7.8
307,D.J. Augustin,33,2TM,PG,57,12,19.8,2.4,6.0,.394,1.5,3.8,.382,0.9,2.2,.413,.515,1.5,1.6,.904,0.4,1.3,1.6,3.3,0.5,0.0,1.1,1.0,7.7
308,D.J. Augustin,33,MIL,PG,37,6,19.3,1.9,5.2,.370,1.3,3.5,.380,0.6,1.7,.349,.497,1.0,1.1,.900,0.3,1.1,1.4,3.0,0.5,0.0,0.9,0.9,6.1
309,D.J. Augustin,33,HOU,PG,20,6,20.8,3.2,7.6,.424,1.7,4.4,.386,1.5,3.2,.476,.536,2.5,2.7,.907,0.5,1.8,2.2,3.9,0.4,0.0,1.6,1.2,10.6
310,Ben McLemore,27,2TM,SG,53,5,17.1,2.5,6.9,.370,1.8,5.3,.346,0.7,1.6,.447,.503,0.7,1.0,.736,0.3,1.6,1.9,0.7,0.4,0.2,0.8,1.7,7.7
311,Ben McLemore,27,HOU,SG,32,4,16.8,2.5,7.0,.357,1.7,5.2,.331,0.8,1.8,.431,.480,0.7,1.0,.719,0.3,1.7,2.1,0.9,0.6,0.1,0.9,1.6,7.4
312,Ben McLemore,27,LAL,SG,21,1,17.5,2.6,6.7,.390,2.0,5.4,.368,0.6,1.3,.481,.539,0.8,1.0,.762,0.2,1.4,1.6,0.5,0.1,0.3,0.7,1.8,8.0
313,PJ Dozier,24,DEN,SG,50,6,21.8,3.0,7.1,.417,0.9,3.0,.315,2.0,4.1,.490,.483,0.8,1.3,.636,0.7,2.9,3.6,1.8,0.6,0.4,0.9,1.7,7.7
314,Mike James,30,BRK,PG,13,1,18.2,2.6,7.1,.370,0.8,2.4,.355,1.8,4.7,.377,.429,1.6,2.1,.778,0.2,2.2,2.5,4.2,0.5,0.1,1.5,0.8,7.7
315,Naji Marshall,23,NOP,SF,32,10,21.9,2.6,6.5,.392,0.9,2.6,.349,1.7,3.9,.421,.462,1.7,2.3,.707,0.5,4.2,4.6,2.8,0.8,0.3,1.2,1.8,7.7
316,Payton Pritchard,23,BOS,SG,66,4,19.2,2.8,6.3,.440,1.5,3.8,.411,1.2,2.6,.482,.562,0.6,0.7,.889,0.5,1.9,2.4,1.8,0.6,0.1,0.8,1.6,7.7
317,TomÃ¡Å¡ SatoranskÃ½,29,CHI,SG,58,18,22.5,2.9,5.7,.514,0.7,2.0,.356,2.2,3.6,.602,.578,1.2,1.4,.848,0.5,1.9,2.4,4.7,0.7,0.2,1.7,1.5,7.7
318,Isaiah Thomas,31,NOP,PG,3,0,16.0,3.0,9.0,.333,1.0,4.0,.250,2.0,5.0,.400,.389,0.7,0.7,1.000,0.3,1.0,1.3,1.7,0.3,0.0,2.0,1.0,7.7
319,Steven Adams,27,NOP,C,58,58,27.7,3.3,5.3,.614,0.0,0.1,.000,3.3,5.3,.620,.614,1.0,2.3,.444,3.7,5.2,8.9,1.9,0.9,0.7,1.3,1.9,7.6
320,Garrett Temple,34,CHI,SG,56,25,27.3,2.8,6.8,.415,1.2,3.6,.335,1.6,3.2,.503,.503,0.7,0.9,.800,0.5,2.3,2.9,2.2,0.8,0.5,1.0,2.3,7.6
321,Tristan Thompson,29,BOS,C,54,43,23.8,3.1,6.0,.518,0.0,0.1,.000,3.1,6.0,.523,.518,1.3,2.2,.592,3.1,5.0,8.1,1.2,0.4,0.6,1.1,2.2,7.6
322,Patrick Beverley,32,LAC,PG,37,34,22.5,2.5,5.9,.423,1.5,3.8,.397,1.0,2.1,.468,.550,1.0,1.2,.800,0.8,2.4,3.2,2.1,0.8,0.8,0.9,2.9,7.5
323,Henry Ellenson,24,TOR,PF,2,0,19.0,2.5,7.0,.357,1.0,4.5,.222,1.5,2.5,.600,.429,1.5,2.0,.750,1.5,4.5,6.0,2.5,0.0,0.0,0.0,3.5,7.5
324,Malachi Flynn,22,TOR,PG,47,14,19.7,2.7,7.2,.374,1.1,3.6,.321,1.6,3.7,.424,.453,1.0,1.2,.804,0.2,2.3,2.5,2.9,0.8,0.1,0.9,1.4,7.5
325,Jaxson Hayes,20,NOP,C,60,3,16.1,2.9,4.7,.625,0.1,0.2,.429,2.8,4.4,.635,.636,1.6,2.0,.775,1.5,2.8,4.3,0.6,0.4,0.6,0.7,1.7,7.5
326,DeAndre Jordan,32,BRK,C,57,43,21.9,3.3,4.4,.763,0.0,0.0,.000,3.3,4.4,.766,.763,0.8,1.6,.500,2.1,5.4,7.5,1.6,0.3,1.1,1.5,2.0,7.5
327,Edmond Sumner,25,IND,SG,53,24,16.2,2.8,5.3,.525,0.7,1.7,.398,2.1,3.7,.582,.587,1.3,1.6,.819,0.3,1.4,1.8,0.9,0.6,0.2,1.0,1.7,7.5
328,JJ Redick,36,2TM,SG,44,0,16.4,2.4,6.1,.397,1.5,4.0,.371,0.9,2.0,.449,.521,1.1,1.2,.942,0.1,1.4,1.5,1.2,0.3,0.1,0.8,1.1,7.4
329,JJ Redick,36,NOP,SG,31,0,18.6,2.8,6.9,.407,1.6,4.5,.364,1.2,2.4,.486,.526,1.5,1.5,.957,0.1,1.6,1.7,1.3,0.3,0.1,0.8,1.2,8.7
330,JJ Redick,36,DAL,SG,13,0,11.3,1.5,4.1,.358,1.2,2.9,.395,0.3,1.2,.267,.500,0.3,0.4,.800,0.1,0.8,0.9,0.8,0.2,0.1,0.8,1.0,4.4
331,Jalen Harris,22,TOR,SG,13,2,13.2,2.8,5.5,.500,1.3,2.8,.472,1.5,2.8,.528,.618,0.5,0.7,.778,0.2,1.2,1.4,1.3,0.6,0.0,1.1,1.2,7.4
332,Jalen McDaniels,23,CHO,SF,47,18,19.2,2.8,6.0,.468,0.7,2.2,.333,2.1,3.8,.547,.530,1.0,1.4,.703,1.0,2.6,3.6,1.1,0.6,0.4,1.0,2.0,7.4
333,JaVale McGee,33,2TM,C,46,2,14.7,3.1,6.1,.511,0.1,0.5,.208,3.0,5.6,.539,.520,1.0,1.5,.657,1.7,3.5,5.2,0.8,0.4,1.2,1.3,2.6,7.3
334,JaVale McGee,33,CLE,C,33,1,15.2,3.4,6.5,.521,0.2,0.6,.250,3.2,5.9,.549,.533,1.1,1.7,.655,1.6,3.5,5.2,1.0,0.5,1.2,1.4,2.4,8.0
335,JaVale McGee,33,DEN,C,13,1,13.5,2.5,5.2,.478,0.0,0.3,.000,2.5,4.8,.508,.478,0.6,0.9,.667,1.8,3.5,5.3,0.5,0.2,1.1,1.2,3.2,5.5
336,Louis King,21,SAC,SF,6,1,14.2,2.8,5.7,.500,0.7,1.8,.364,2.2,3.8,.565,.559,1.0,1.0,1.000,0.8,2.2,3.0,1.5,1.2,0.5,0.7,1.5,7.3
337,Khem Birch,28,2TM,C,67,22,22.8,2.8,5.7,.497,0.2,0.8,.250,2.6,4.9,.537,.514,1.4,1.9,.705,2.6,3.2,5.8,1.3,0.7,0.7,0.7,1.7,7.2
338,Khem Birch,28,ORL,C,48,5,19.8,2.0,4.4,.450,0.1,0.4,.190,1.9,3.9,.479,.459,1.3,1.8,.741,2.4,2.6,5.1,1.1,0.7,0.6,0.5,1.4,5.3
339,Khem Birch,28,TOR,C,19,17,30.4,5.0,9.0,.556,0.5,1.6,.290,4.5,7.4,.614,.582,1.5,2.3,.636,3.0,4.6,7.6,1.9,0.8,1.2,1.1,2.4,11.9
340,James Johnson,33,2TM,PF,51,12,20.5,2.9,6.4,.446,0.6,2.4,.258,2.3,4.1,.556,.494,0.9,1.5,.592,0.6,2.8,3.5,1.9,0.8,0.8,1.1,2.4,7.2
341,James Johnson,33,DAL,PF,29,1,17.4,2.3,5.0,.462,0.5,2.1,.250,1.8,2.9,.612,.514,0.6,1.0,.586,0.5,2.5,3.0,1.7,0.8,0.8,0.9,2.0,5.7
342,James Johnson,33,NOP,PF,22,11,24.5,3.6,8.3,.434,0.7,2.7,.267,2.9,5.5,.516,.478,1.3,2.1,.596,0.8,3.3,4.1,2.2,0.8,0.9,1.3,2.8,9.2
343,Justin Jackson,25,2TM,SF,34,3,17.0,2.6,6.5,.403,1.1,3.4,.308,1.6,3.1,.510,.484,0.9,1.1,.838,0.5,1.8,2.3,1.5,0.4,0.1,0.9,0.9,7.2
344,Justin Jackson,25,OKC,SF,33,3,16.5,2.6,6.4,.406,1.0,3.4,.306,1.6,3.1,.515,.486,0.9,1.1,.857,0.4,1.7,2.2,1.5,0.5,0.1,0.9,0.9,7.2
345,Justin Jackson,25,MIL,SF,1,0,33.0,3.0,9.0,.333,2.0,6.0,.333,1.0,3.0,.333,.444,1.0,2.0,.500,2.0,4.0,6.0,1.0,0.0,0.0,1.0,1.0,9.0
346,Kent Bazemore,31,GSW,SF,67,18,19.9,2.6,5.9,.449,1.1,2.7,.408,1.5,3.1,.486,.545,0.8,1.2,.692,0.4,3.0,3.4,1.6,1.0,0.5,1.2,2.4,7.2
347,Juancho HernangÃ³mez,25,MIN,PF,52,6,17.3,2.5,5.8,.435,1.1,3.2,.327,1.4,2.5,.573,.527,1.2,1.9,.619,0.9,3.1,3.9,0.7,0.4,0.1,0.5,1.0,7.2
348,Aaron Holiday,24,IND,PG,66,8,17.8,2.6,6.6,.390,1.0,2.8,.368,1.6,3.8,.406,.467,1.0,1.3,.819,0.2,1.1,1.3,1.9,0.7,0.2,1.0,1.4,7.2
349,Tony Bradley,23,2TM,C,42,8,16.3,3.1,4.7,.665,0.0,0.1,.000,3.1,4.6,.675,.665,0.9,1.3,.691,2.0,3.7,5.7,0.9,0.4,0.7,0.8,1.5,7.1
350,Tony Bradley,23,PHI,C,20,8,14.4,2.6,3.8,.680,0.0,0.1,.000,2.6,3.7,.689,.680,0.4,0.6,.636,2.0,3.3,5.2,0.9,0.3,0.7,0.3,1.4,5.5
351,Tony Bradley,23,OKC,C,22,0,18.0,3.6,5.5,.656,0.0,0.1,.000,3.6,5.5,.667,.656,1.4,2.0,.705,2.1,4.0,6.1,0.9,0.4,0.8,1.2,1.5,8.7
352,Dewayne Dedmon,31,MIA,C,16,0,13.1,2.9,4.1,.708,0.1,0.3,.200,2.8,3.8,.750,.715,1.3,1.7,.741,1.8,3.6,5.4,0.8,0.6,0.4,0.8,2.3,7.1
353,Maxi Kleber,29,DAL,PF,50,40,26.8,2.3,5.5,.422,1.7,4.2,.410,0.6,1.3,.460,.580,0.7,0.7,.919,0.9,4.3,5.2,1.4,0.5,0.7,0.6,2.1,7.1
354,Ignas Brazdeikis,22,3TM,SF,13,0,19.2,2.7,6.4,.422,0.8,2.2,.393,1.8,4.2,.436,.488,0.8,1.1,.714,0.8,2.6,3.5,1.3,0.3,0.2,0.9,1.7,7.0
355,Ignas Brazdeikis,22,NYK,SF,4,0,1.8,0.0,0.3,.000,0.0,0.0,,0.0,0.3,.000,.000,0.5,0.5,1.000,0.3,0.3,0.5,0.3,0.0,0.0,0.3,0.0,0.5
356,Ignas Brazdeikis,22,PHI,SF,1,0,8.0,0.0,3.0,.000,0.0,1.0,.000,0.0,2.0,.000,.000,0.0,0.0,,0.0,2.0,2.0,0.0,0.0,0.0,0.0,0.0,0.0
357,Ignas Brazdeikis,22,ORL,SF,8,0,29.3,4.4,9.9,.443,1.4,3.4,.407,3.0,6.5,.462,.513,1.0,1.5,.667,1.3,3.9,5.1,2.0,0.5,0.4,1.4,2.8,11.1
358,Daniel Gafford,22,2TM,C,54,11,14.6,2.9,4.2,.684,0.0,0.0,,2.9,4.2,.684,.684,1.3,2.0,.667,1.7,2.5,4.3,0.5,0.5,1.4,0.8,1.8,7.0
359,Daniel Gafford,22,CHI,C,31,11,12.4,1.9,2.8,.690,0.0,0.0,,1.9,2.8,.690,.690,0.9,1.3,.659,1.4,1.9,3.3,0.5,0.4,1.1,0.7,1.7,4.7
360,Daniel Gafford,22,WAS,C,23,0,17.7,4.1,6.0,.681,0.0,0.0,,4.1,6.0,.681,.681,2.0,2.9,.672,2.2,3.4,5.6,0.5,0.7,1.8,0.8,1.9,10.1
361,Draymond Green,30,GSW,PF,63,63,31.5,2.7,6.0,.447,0.5,2.0,.270,2.2,4.0,.535,.492,1.1,1.4,.795,0.9,6.2,7.1,8.9,1.7,0.8,3.0,3.1,7.0
362,Dwight Howard,35,PHI,C,69,6,17.3,2.6,4.4,.587,0.1,0.3,.250,2.5,4.1,.611,.596,1.8,3.0,.576,2.8,5.7,8.4,0.9,0.4,0.9,1.6,2.9,7.0
363,Terance Mann,24,LAC,SG,67,10,18.9,2.7,5.2,.509,0.6,1.4,.418,2.1,3.9,.541,.563,1.2,1.4,.830,0.8,2.8,3.6,1.6,0.4,0.2,0.6,1.9,7.0
364,Royce O'Neale,27,UTA,SF,71,71,31.6,2.5,5.5,.444,1.5,3.9,.385,1.0,1.6,.586,.580,0.5,0.6,.848,1.2,5.6,6.8,2.5,0.8,0.5,1.2,2.6,7.0
365,R.J. Hampton,19,2TM,SG,51,1,17.4,2.7,6.1,.435,0.5,1.7,.310,2.1,4.4,.482,.478,1.1,1.6,.671,0.6,2.9,3.5,1.7,0.4,0.2,1.0,1.2,6.9
366,R.J. Hampton,19,DEN,SG,25,0,9.3,1.0,2.4,.417,0.2,0.7,.278,0.8,1.7,.476,.458,0.4,0.5,.750,0.4,1.6,2.0,0.6,0.2,0.1,0.4,0.9,2.6
367,R.J. Hampton,19,ORL,SG,26,1,25.2,4.3,9.7,.439,0.8,2.7,.319,3.4,7.1,.484,.482,1.8,2.7,.657,0.7,4.2,5.0,2.8,0.6,0.3,1.6,1.5,11.2
368,Moritz Wagner,23,3TM,C,45,24,16.0,2.3,5.1,.454,0.7,2.0,.341,1.6,3.1,.529,.522,1.6,1.9,.816,0.6,2.6,3.2,1.1,0.6,0.4,1.0,2.4,6.9
369,Moritz Wagner,23,WAS,C,25,13,15.0,2.5,4.9,.508,0.5,1.7,.310,2.0,3.2,.613,.561,1.6,2.1,.788,0.5,2.4,2.9,1.3,0.9,0.3,0.8,2.5,7.1
370,Moritz Wagner,23,BOS,C,9,1,6.8,0.4,1.6,.286,0.2,0.7,.333,0.2,0.9,.250,.357,0.1,0.2,.500,0.3,1.8,2.1,0.7,0.0,0.1,1.0,1.1,1.2
371,Moritz Wagner,23,ORL,C,11,10,26.0,3.5,8.5,.409,1.5,3.9,.372,2.0,4.5,.440,.495,2.6,3.0,.879,1.0,3.9,4.9,1.1,0.4,0.8,1.2,3.3,11.0
372,Georges Niang,27,UTA,PF,72,10,16.0,2.5,5.6,.437,1.7,4.1,.425,0.7,1.6,.469,.590,0.3,0.3,.957,0.4,2.1,2.4,0.8,0.3,0.1,0.7,1.6,6.9
373,Gorgui Dieng,31,2TM,C,38,1,14.5,2.2,4.3,.521,0.8,1.8,.429,1.4,2.4,.591,.613,1.5,1.8,.866,1.1,2.6,3.7,1.3,0.7,0.4,0.8,1.5,6.8
374,Gorgui Dieng,31,MEM,C,22,1,16.9,2.5,4.9,.519,1.0,2.2,.479,1.5,2.7,.550,.625,1.7,2.0,.884,1.3,3.2,4.5,1.3,0.8,0.6,1.0,1.7,7.9
375,Gorgui Dieng,31,SAS,C,16,0,11.3,1.8,3.4,.527,0.4,1.4,.318,1.4,2.1,.667,.591,1.3,1.5,.833,0.8,1.9,2.6,1.2,0.6,0.1,0.6,1.1,5.3
376,Pat Connaughton,28,MIL,SG,69,4,22.8,2.4,5.6,.434,1.5,3.9,.371,1.0,1.7,.583,.565,0.4,0.6,.775,0.9,3.9,4.8,1.2,0.7,0.3,0.5,1.4,6.8
377,Killian Hayes,19,DET,PG,26,18,25.8,2.7,7.7,.353,0.8,2.8,.278,2.0,5.0,.395,.403,0.5,0.7,.824,0.2,2.4,2.7,5.3,1.0,0.4,3.2,2.2,6.8
378,Derrick Jones Jr.,23,POR,SF,58,43,22.7,2.5,5.2,.484,0.7,2.3,.316,1.8,2.9,.619,.554,1.0,1.6,.648,1.3,2.2,3.5,0.8,0.6,0.9,0.6,2.2,6.8
379,Jaden McDaniels,20,MIN,PF,63,27,24.0,2.6,5.8,.447,1.1,3.1,.364,1.5,2.7,.544,.545,0.4,0.7,.600,0.8,2.9,3.7,1.1,0.6,1.0,0.7,2.7,6.8
380,Justise Winslow,24,MEM,SF,26,1,19.5,2.8,8.1,.352,0.4,2.1,.185,2.5,6.0,.410,.376,0.8,1.3,.571,0.7,3.8,4.5,1.9,0.6,0.5,1.4,1.8,6.8
381,Dennis Smith Jr.,23,2TM,PG,23,9,18.3,2.5,6.3,.400,0.8,2.5,.328,1.7,3.8,.448,.466,0.8,1.1,.731,0.5,1.9,2.4,3.3,1.0,0.6,1.1,1.6,6.7
382,Dennis Smith Jr.,23,NYK,PG,3,0,9.3,0.7,3.3,.200,0.0,1.3,.000,0.7,2.0,.333,.200,1.7,2.0,.833,0.0,0.7,0.7,1.0,1.0,0.0,0.3,1.3,3.0
383,Dennis Smith Jr.,23,DET,PG,20,9,19.6,2.8,6.8,.415,1.0,2.7,.352,1.9,4.1,.457,.485,0.7,1.0,.700,0.6,2.1,2.7,3.7,1.0,0.7,1.3,1.7,7.3
384,Jeff Teague,32,2TM,PG,55,7,17.3,2.2,5.2,.433,0.7,1.5,.439,1.6,3.7,.431,.496,1.6,1.9,.848,0.3,1.3,1.6,2.4,0.6,0.2,1.2,1.0,6.7
385,Jeff Teague,32,BOS,PG,34,5,18.1,2.3,5.5,.415,0.8,1.6,.464,1.5,3.9,.394,.484,1.5,1.8,.836,0.3,1.4,1.7,2.1,0.8,0.2,1.1,1.3,6.9
386,Jeff Teague,32,MIL,PG,21,2,15.9,2.1,4.6,.469,0.5,1.2,.385,1.7,3.3,.500,.521,1.8,2.1,.864,0.2,1.2,1.5,2.8,0.4,0.2,1.2,0.6,6.6
387,Spencer Dinwiddie,27,BRK,SG,3,3,21.3,2.0,5.3,.375,0.7,2.3,.286,1.3,3.0,.444,.438,2.0,2.0,1.000,0.0,4.3,4.3,3.0,0.7,0.3,1.7,1.3,6.7
388,Damyean Dotson,26,CLE,SG,46,7,19.7,2.6,6.4,.406,1.0,3.5,.289,1.6,2.9,.545,.485,0.5,0.8,.667,0.1,1.9,2.0,2.0,0.3,0.1,0.9,0.9,6.7
389,Markieff Morris,31,LAL,PF,61,27,19.7,2.5,6.2,.405,1.1,3.4,.311,1.4,2.8,.521,.491,0.6,0.8,.720,0.8,3.6,4.4,1.2,0.4,0.3,0.9,1.7,6.7
390,Abdel Nader,27,PHO,SF,24,0,14.8,2.4,4.8,.491,0.8,1.8,.419,1.6,3.0,.534,.569,1.2,1.5,.757,0.3,2.3,2.6,0.8,0.4,0.4,0.8,1.4,6.7
391,Ish Smith,32,WAS,PG,44,1,21.0,2.9,6.8,.434,0.4,1.1,.367,2.5,5.6,.448,.465,0.4,0.8,.576,0.5,2.9,3.4,3.9,0.7,0.3,0.9,1.4,6.7
392,Alex Len,27,2TM,C,64,42,15.3,2.7,4.3,.615,0.1,0.4,.320,2.5,4.0,.644,.629,1.1,1.8,.629,1.2,2.8,4.1,0.8,0.3,1.0,0.9,2.0,6.6
393,Alex Len,27,TOR,C,7,2,10.9,0.7,1.4,.500,0.4,0.9,.500,0.3,0.6,.500,.650,0.4,0.9,.500,0.0,1.6,1.6,0.4,0.1,0.9,1.1,1.4,2.3
394,Alex Len,27,WAS,C,57,40,15.8,2.9,4.7,.619,0.1,0.3,.263,2.8,4.4,.647,.629,1.2,1.9,.636,1.4,3.0,4.4,0.8,0.3,1.0,0.8,2.1,7.1
395,Trey Burke,28,DAL,PG,62,1,14.7,2.4,5.7,.428,0.9,2.6,.354,1.5,3.0,.492,.510,0.8,0.9,.895,0.2,0.7,0.9,1.3,0.6,0.1,0.5,1.0,6.6
396,Nic Claxton,21,BRK,C,32,1,18.6,2.8,4.5,.621,0.0,0.2,.200,2.8,4.4,.636,.624,1.0,2.0,.484,1.3,3.8,5.2,0.9,0.7,1.3,0.6,2.1,6.6
397,Frank Kaminsky,27,PHO,C,47,13,15.2,2.6,5.5,.471,0.7,1.8,.365,1.9,3.7,.523,.531,0.8,1.3,.617,0.8,3.2,4.0,1.7,0.3,0.4,0.5,1.5,6.6
398,Xavier Tillman Sr.,22,MEM,PF,59,12,18.4,2.8,5.1,.559,0.4,1.1,.338,2.5,4.0,.620,.595,0.6,0.9,.642,1.3,3.1,4.3,1.3,0.7,0.6,0.8,2.0,6.6
399,Nemanja Bjelica,32,2TM,PF,37,3,16.1,2.4,5.3,.454,0.7,2.3,.318,1.7,3.0,.559,.523,1.0,1.4,.725,0.8,2.6,3.4,1.9,0.4,0.1,0.9,1.8,6.5
400,Nemanja Bjelica,32,SAC,PF,26,1,16.9,2.7,5.8,.460,0.7,2.2,.293,2.0,3.5,.565,.517,1.2,1.6,.762,0.9,2.9,3.8,1.9,0.3,0.1,1.1,1.8,7.2
401,Nemanja Bjelica,32,MIA,PF,11,2,14.2,1.8,4.2,.435,0.9,2.5,.370,0.9,1.7,.526,.543,0.5,0.8,.556,0.5,2.0,2.5,1.8,0.6,0.3,0.5,1.8,5.0
402,Marquese Chriss,23,GSW,PF,2,0,13.5,2.5,7.0,.357,0.5,2.5,.200,2.0,4.5,.444,.393,1.0,2.0,.500,1.5,5.0,6.5,1.0,0.0,1.0,1.0,1.5,6.5
403,Damion Lee,28,GSW,SG,57,1,18.9,2.2,4.8,.467,1.4,3.4,.397,0.9,1.4,.638,.608,0.7,0.8,.909,0.4,2.8,3.2,1.3,0.7,0.1,0.5,1.6,6.5
404,Chasson Randle,27,ORL,PG,41,5,20.4,2.2,5.8,.388,1.1,3.2,.338,1.2,2.6,.449,.481,0.9,1.2,.792,0.2,1.8,2.0,1.8,0.5,0.1,1.1,1.6,6.5
405,Denzel Valentine,27,CHI,SG,62,3,16.7,2.5,6.7,.373,1.3,3.9,.331,1.2,2.8,.431,.469,0.3,0.3,.941,0.4,2.8,3.2,1.7,0.5,0.1,0.7,1.1,6.5
406,Avery Bradley,30,2TM,SG,27,6,22.3,2.4,6.3,.374,1.2,3.7,.327,1.1,2.6,.443,.471,0.4,0.6,.800,0.3,1.8,2.1,1.7,0.8,0.1,1.0,2.0,6.4
407,Avery Bradley,30,MIA,SG,10,1,21.1,3.1,6.6,.470,1.6,3.8,.421,1.5,2.8,.536,.591,0.7,0.9,.778,0.2,1.6,1.8,1.4,0.7,0.1,0.9,2.6,8.5
408,Avery Bradley,30,HOU,SG,17,5,23.0,1.9,6.2,.314,1.0,3.7,.270,0.9,2.5,.381,.395,0.3,0.4,.833,0.4,1.9,2.3,1.9,0.8,0.1,1.1,1.7,5.2
409,Alex Caruso,26,LAL,PG,58,6,21.0,2.3,5.3,.436,0.9,2.4,.401,1.3,2.9,.464,.526,0.8,1.3,.645,0.5,2.4,2.9,2.8,1.1,0.3,1.3,1.9,6.4
410,Kira Lewis Jr.,19,NOP,PG,54,0,16.7,2.4,6.2,.386,0.7,2.2,.333,1.7,4.0,.415,.445,0.8,0.9,.843,0.2,1.1,1.3,2.3,0.7,0.2,0.6,1.6,6.4
411,TimothÃ© Luwawu-Cabarrot,25,BRK,SF,58,7,18.1,2.2,6.1,.365,1.3,4.1,.314,0.9,2.0,.470,.471,0.6,0.7,.814,0.5,1.7,2.2,1.2,0.6,0.1,0.7,1.7,6.4
412,Deni Avdija,20,WAS,SF,54,32,23.3,2.4,5.8,.417,1.0,3.1,.315,1.4,2.7,.535,.502,0.5,0.8,.644,0.4,4.4,4.9,1.2,0.6,0.3,0.6,2.6,6.3
413,Tyus Jones,24,MEM,PG,70,9,17.5,2.5,5.9,.431,0.6,2.0,.321,1.9,3.9,.487,.485,0.6,0.6,.911,0.3,1.7,2.0,3.7,0.9,0.1,0.7,0.4,6.3
414,Frank Mason III,26,ORL,PG,4,1,19.8,2.3,6.0,.375,0.5,1.3,.400,1.8,4.8,.368,.417,1.3,1.8,.714,0.8,2.3,3.0,3.0,0.0,0.0,1.3,1.8,6.3
415,Chimezie Metu,23,SAC,C,36,6,13.6,2.5,5.0,.508,0.4,1.0,.351,2.2,3.9,.549,.545,0.9,1.2,.721,0.9,2.3,3.1,0.8,0.4,0.5,0.8,1.6,6.3
416,Aron Baynes,34,TOR,C,53,31,18.5,2.5,5.7,.441,0.5,1.9,.262,2.0,3.8,.532,.485,0.5,0.8,.707,1.6,3.5,5.2,0.9,0.3,0.4,0.9,2.2,6.1
417,Facundo Campazzo,29,DEN,PG,65,19,21.9,1.8,4.8,.381,1.2,3.3,.352,0.7,1.5,.444,.502,1.2,1.4,.879,0.3,1.7,2.1,3.6,1.2,0.2,1.1,2.0,6.1
418,Robert Franks,24,ORL,PF,7,0,14.4,1.9,4.0,.464,0.7,2.1,.333,1.1,1.9,.615,.554,1.7,1.9,.923,0.9,1.1,2.0,0.7,0.4,0.4,0.3,1.1,6.1
419,Jaylen Hoard,21,OKC,SF,19,0,16.8,2.3,4.6,.500,0.0,0.6,.000,2.3,4.1,.571,.500,1.5,2.2,.683,1.1,2.3,3.4,1.3,0.7,0.3,0.9,1.0,6.1
420,Max Strus,24,MIA,SF,39,0,13.0,2.2,4.8,.455,1.3,3.8,.338,0.9,1.0,.897,.588,0.4,0.6,.667,0.1,0.9,1.1,0.6,0.3,0.1,0.2,1.1,6.1
421,Dakota Mathias,25,PHI,SG,8,2,15.4,2.4,6.0,.396,1.0,3.3,.308,1.4,2.8,.500,.479,0.3,0.8,.333,0.1,0.8,0.9,1.6,0.1,0.4,0.1,0.9,6.0
422,Dean Wade,24,CLE,PF,63,19,19.2,2.1,4.9,.431,1.2,3.4,.366,0.9,1.6,.571,.556,0.5,0.6,.769,0.6,2.8,3.4,1.2,0.6,0.3,0.5,1.2,6.0
423,Dwight Powell,29,DAL,C,58,19,16.7,2.1,3.3,.619,0.1,0.4,.238,2.0,3.0,.665,.631,1.7,2.1,.782,1.4,2.7,4.0,1.1,0.6,0.5,0.7,2.3,5.9
424,Drew Eubanks,23,SAS,C,54,3,14.0,2.1,3.8,.566,0.0,0.0,1.000,2.1,3.8,.562,.571,1.4,2.0,.726,1.4,3.1,4.5,0.8,0.3,0.9,0.8,1.6,5.8
425,DeAndre' Bembry,26,TOR,SF,51,12,19.1,2.3,4.5,.513,0.3,1.0,.264,2.0,3.4,.589,.544,0.9,1.3,.682,0.6,2.2,2.9,2.1,1.0,0.4,1.4,1.7,5.7
426,Rodney McGruder,29,DET,SG,16,2,12.1,2.3,4.4,.529,0.7,1.5,.458,1.6,2.9,.565,.607,0.4,0.5,.750,0.5,0.9,1.4,1.0,0.5,0.1,0.4,0.8,5.7
427,Jordan Nwora,22,MIL,SF,30,2,9.1,2.1,4.5,.459,0.9,2.1,.452,1.1,2.4,.466,.563,0.6,0.8,.760,0.3,1.7,2.0,0.2,0.5,0.2,0.8,0.7,5.7
428,Juan Toscano-Anderson,27,GSW,SG,53,16,20.9,2.3,3.9,.579,0.7,1.7,.402,1.6,2.2,.718,.667,0.4,0.6,.710,0.5,3.9,4.4,2.8,0.8,0.5,1.2,2.1,5.7
429,Yogi Ferrell,27,2TM,PG,10,0,13.6,2.0,5.7,.351,0.9,2.8,.321,1.1,2.9,.379,.430,0.7,0.9,.778,0.5,1.4,1.9,2.2,0.7,0.3,0.3,1.1,5.6
430,Yogi Ferrell,27,CLE,PG,2,0,20.0,4.0,10.5,.381,1.5,4.5,.333,2.5,6.0,.417,.452,0.0,1.0,.000,1.5,2.0,3.5,2.5,1.5,0.5,1.5,2.0,9.5
431,Yogi Ferrell,27,LAC,PG,8,0,12.0,1.5,4.5,.333,0.8,2.4,.316,0.8,2.1,.353,.417,0.9,0.9,1.000,0.3,1.3,1.5,2.1,0.5,0.3,0.0,0.9,4.6
432,Freddie Gillespie,23,TOR,PF,20,2,19.6,2.2,4.2,.524,0.0,0.0,,2.2,4.2,.524,.524,1.2,1.7,.697,2.1,2.8,4.9,0.5,0.7,1.0,0.6,2.2,5.6
433,Donta Hall,23,ORL,PF,13,0,13.8,1.9,2.7,.714,0.0,0.0,,1.9,2.7,.714,.714,1.8,2.6,.676,1.8,2.9,4.8,0.8,0.4,0.8,0.6,1.4,5.6
434,Saben Lee,21,DET,PG,48,7,16.3,2.1,4.4,.471,0.2,0.5,.348,1.9,3.9,.487,.490,1.3,1.9,.685,0.4,1.6,2.0,3.6,0.7,0.3,1.1,1.6,5.6
435,Mychal Mulder,26,GSW,PG,60,6,12.8,2.0,4.4,.449,1.4,3.6,.397,0.6,0.9,.667,.609,0.2,0.4,.636,0.1,0.9,1.0,0.4,0.2,0.2,0.3,0.9,5.6
436,Torrey Craig,30,2TM,SF,50,8,16.1,2.2,4.5,.480,0.8,2.1,.368,1.4,2.4,.579,.566,0.3,0.4,.773,1.1,2.8,3.9,1.0,0.6,0.5,0.5,1.7,5.5
437,Torrey Craig,30,MIL,SF,18,0,11.2,1.0,2.6,.391,0.4,1.2,.364,0.6,1.3,.417,.478,0.1,0.1,.500,0.7,1.7,2.4,0.9,0.5,0.4,0.3,1.3,2.5
438,Torrey Craig,30,PHO,SF,32,8,18.8,2.8,5.7,.503,1.0,2.6,.369,1.9,3.0,.619,.588,0.5,0.6,.800,1.4,3.4,4.8,1.0,0.6,0.6,0.6,1.8,7.2
439,Brad Wanamaker,31,2TM,PG,61,0,17.3,1.9,4.9,.385,0.3,1.4,.188,1.6,3.5,.463,.411,1.5,1.7,.891,0.3,1.4,1.7,2.9,0.7,0.2,1.2,1.5,5.5
440,Brad Wanamaker,31,GSW,PG,39,0,16.0,1.6,4.4,.353,0.3,1.6,.213,1.2,2.9,.429,.390,1.3,1.4,.893,0.2,1.5,1.7,2.5,0.7,0.2,0.9,1.4,4.7
441,Brad Wanamaker,31,CHO,PG,22,0,19.5,2.5,5.7,.429,0.1,1.1,.125,2.3,4.6,.500,.440,1.8,2.0,.889,0.5,1.3,1.8,3.4,0.8,0.2,1.5,1.8,6.9
442,Jabari Parker,25,2TM,PF,13,0,12.7,2.3,4.2,.545,0.2,0.8,.182,2.2,3.4,.636,.564,0.8,1.0,.769,0.8,2.5,3.2,0.8,0.1,0.4,0.8,1.0,5.5
443,Jabari Parker,25,SAC,PF,3,0,9.0,1.3,2.3,.571,0.0,0.3,.000,1.3,2.0,.667,.571,0.0,0.0,,0.3,1.7,2.0,0.3,0.0,0.3,1.0,1.3,2.7
444,Jabari Parker,25,BOS,PF,10,0,13.8,2.6,4.8,.542,0.2,1.0,.200,2.4,3.8,.632,.563,1.0,1.3,.769,0.9,2.7,3.6,1.0,0.1,0.4,0.7,0.9,6.4
445,Anthony Lamb,23,HOU,SF,24,3,17.3,1.9,4.9,.390,1.0,3.0,.324,1.0,2.0,.489,.487,0.8,0.9,.857,1.1,1.8,2.9,1.0,0.3,0.2,0.8,1.4,5.5
446,Garrison Mathews,24,WAS,SG,64,24,16.2,1.5,3.7,.409,1.2,3.1,.384,0.3,0.6,.538,.570,1.3,1.5,.884,0.3,1.1,1.4,0.4,0.5,0.1,0.2,1.7,5.5
447,Devin Vassell,20,SAS,SF,62,7,17.0,2.0,4.9,.406,0.8,2.4,.347,1.1,2.5,.464,.492,0.7,0.8,.843,0.4,2.4,2.8,0.9,0.7,0.3,0.4,1.4,5.5
448,Rajon Rondo,34,2TM,PG,45,3,17.1,2.1,4.8,.442,0.8,2.0,.404,1.3,2.8,.468,.526,0.4,0.4,.941,0.4,2.0,2.4,4.4,0.8,0.1,1.8,1.2,5.4
449,Rajon Rondo,34,ATL,PG,27,2,14.9,1.6,4.1,.400,0.6,1.7,.378,1.0,2.4,.415,.477,0.0,0.1,.500,0.1,1.9,2.0,3.5,0.7,0.1,1.4,0.9,3.9
450,Rajon Rondo,34,LAC,PG,18,1,20.4,2.8,5.8,.486,1.1,2.4,.432,1.8,3.4,.525,.576,0.8,0.8,1.000,0.8,2.3,3.1,5.8,1.0,0.1,2.2,1.6,7.6
451,Derrick Favors,29,UTA,C,68,0,15.3,2.3,3.6,.638,0.0,0.0,.000,2.3,3.5,.643,.638,0.9,1.2,.738,2.0,3.5,5.5,0.6,0.5,1.0,0.5,2.1,5.4
452,Taj Gibson,35,NYK,C,45,3,20.8,2.2,3.5,.627,0.1,0.3,.200,2.1,3.2,.671,.636,0.9,1.2,.727,2.2,3.4,5.6,0.8,0.7,1.1,0.5,2.2,5.4
453,Tyler Johnson,28,BRK,SG,39,3,17.5,1.8,4.7,.393,1.2,3.4,.364,0.6,1.3,.471,.525,0.5,0.5,.857,0.2,1.8,2.0,1.2,0.4,0.0,0.4,1.1,5.4
454,Jahlil Okafor,25,DET,C,27,2,12.9,2.3,3.8,.618,0.1,0.3,.222,2.3,3.4,.656,.627,0.6,0.9,.708,0.9,1.6,2.4,0.5,0.2,0.2,0.8,1.4,5.4
455,Josh Okogie,22,MIN,SG,59,37,20.3,1.7,4.3,.402,0.5,1.8,.269,1.2,2.5,.500,.459,1.4,1.8,.769,1.1,1.6,2.6,1.1,0.9,0.5,0.7,2.1,5.4
456,Justin Patton,23,HOU,C,13,6,19.0,2.2,5.4,.414,0.7,2.6,.265,1.5,2.8,.556,.479,0.2,0.3,.750,1.1,2.7,3.8,1.1,0.9,1.1,0.3,2.6,5.4
457,Jarred Vanderbilt,21,MIN,PF,64,30,17.8,2.2,3.7,.606,0.0,0.1,.200,2.2,3.6,.615,.608,0.9,1.6,.559,1.8,3.9,5.8,1.2,1.0,0.7,0.8,1.9,5.4
458,Mason Jones,22,2TM,SG,32,1,10.4,1.6,3.8,.423,0.8,2.1,.364,0.9,1.8,.491,.520,1.3,2.0,.625,0.2,1.5,1.7,1.3,0.2,0.0,0.9,0.8,5.3
459,Mason Jones,22,HOU,SG,26,1,11.8,1.8,4.4,.412,0.9,2.5,.359,0.9,1.9,.480,.513,1.3,2.2,.614,0.2,1.8,2.0,1.5,0.2,0.0,1.1,0.8,5.8
460,Mason Jones,22,PHI,SG,6,0,4.5,0.8,1.5,.556,0.2,0.3,.500,0.7,1.2,.571,.611,0.8,1.2,.714,0.5,0.2,0.7,0.5,0.2,0.0,0.2,0.3,2.7
461,Willie Cauley-Stein,27,DAL,C,53,16,17.1,2.2,3.4,.632,0.0,0.2,.091,2.2,3.2,.667,.635,0.9,1.5,.628,1.2,3.2,4.5,0.7,0.4,0.8,0.5,2.4,5.3
462,Jarrett Culver,21,MIN,SG,34,7,14.7,2.0,4.9,.411,0.4,1.6,.245,1.6,3.4,.487,.449,0.9,1.4,.604,1.0,2.1,3.1,0.7,0.5,0.3,0.8,1.7,5.3
463,Glenn Robinson III,27,SAC,SF,23,2,16.0,1.8,4.3,.424,0.7,1.9,.364,1.1,2.4,.473,.505,0.9,1.0,.913,0.5,1.5,2.0,0.9,0.2,0.1,0.5,1.0,5.3
464,Tony Snell,29,ATL,SG,47,23,21.1,1.9,3.6,.515,1.3,2.3,.569,0.6,1.3,.419,.696,0.2,0.2,1.000,0.4,2.0,2.4,1.3,0.3,0.2,0.4,1.6,5.3
465,Maurice Harkless,27,2TM,SF,37,23,20.9,1.9,4.5,.418,0.6,2.3,.274,1.2,2.2,.568,.488,0.9,1.2,.767,0.4,2.1,2.4,1.2,0.8,0.5,0.6,2.3,5.2
466,Maurice Harkless,27,MIA,SF,11,3,11.3,0.5,1.2,.385,0.5,1.0,.455,0.0,0.2,.000,.577,0.0,0.2,.000,0.2,1.0,1.2,0.6,0.2,0.4,0.3,1.3,1.4
467,Maurice Harkless,27,SAC,PF,26,20,24.9,2.5,5.8,.421,0.7,2.8,.247,1.8,3.0,.582,.480,1.3,1.6,.805,0.4,2.5,2.9,1.4,1.1,0.6,0.7,2.8,6.9
468,D.J. Wilson,24,2TM,PF,35,1,12.4,1.9,4.8,.405,0.9,2.5,.345,1.1,2.3,.469,.494,0.5,0.7,.680,0.6,2.6,3.2,0.7,0.3,0.5,0.6,1.3,5.2
469,D.J. Wilson,24,MIL,PF,12,0,8.8,1.3,3.6,.372,0.8,2.3,.357,0.5,1.3,.400,.488,0.1,0.2,.500,0.3,1.8,2.1,0.3,0.1,0.3,0.3,1.1,3.6
470,D.J. Wilson,24,HOU,PF,23,1,14.3,2.3,5.4,.416,0.9,2.6,.339,1.4,2.9,.485,.496,0.7,1.0,.696,0.7,3.0,3.8,0.9,0.4,0.5,0.8,1.3,6.1
471,Alize Johnson,24,BRK,PF,18,0,10.5,2.2,3.8,.588,0.1,0.3,.167,2.2,3.4,.629,.596,0.7,0.7,1.000,1.5,3.5,5.0,0.8,0.3,0.3,0.5,0.9,5.2
472,Patrick Patterson,31,LAC,PF,38,5,15.3,1.9,4.3,.436,1.1,2.9,.357,0.8,1.4,.604,.558,0.3,0.4,.765,0.5,1.5,2.0,0.8,0.4,0.2,0.3,1.2,5.2
473,Dylan Windler,24,CLE,SF,31,0,16.5,1.8,4.2,.438,0.8,2.5,.338,1.0,1.7,.585,.538,0.7,0.9,.778,0.6,2.8,3.5,1.1,0.6,0.4,1.0,1.2,5.2
474,Isaiah Hartenstein,22,2TM,C,46,2,12.2,2.0,3.7,.550,0.0,0.1,.333,2.0,3.6,.558,.556,1.0,1.5,.648,1.4,2.5,3.9,1.2,0.4,0.8,1.0,2.3,5.1
475,Isaiah Hartenstein,22,DEN,C,30,0,9.1,1.4,2.7,.513,0.0,0.0,,1.4,2.7,.513,.513,0.7,1.2,.611,1.3,1.5,2.8,0.5,0.4,0.7,0.7,2.0,3.5
476,Isaiah Hartenstein,22,CLE,C,16,2,17.9,3.3,5.7,.582,0.1,0.4,.333,3.2,5.3,.600,.593,1.5,2.2,.686,1.6,4.4,6.0,2.5,0.5,1.2,1.4,2.8,8.3
477,Goga Bitadze,21,IND,C,45,3,12.5,1.8,4.3,.428,0.4,1.8,.253,1.4,2.6,.548,.479,1.0,1.4,.738,1.3,2.0,3.3,0.8,0.2,1.3,0.4,2.1,5.1
478,Sekou Doumbouya,20,DET,PF,56,11,15.5,1.9,5.0,.379,0.5,2.1,.226,1.4,3.0,.485,.426,0.8,1.1,.703,0.7,1.9,2.6,0.8,0.4,0.2,0.8,1.7,5.1
479,Jake Layman,26,MIN,SF,45,11,13.9,2.0,4.1,.495,0.5,1.7,.295,1.5,2.4,.642,.557,0.6,0.8,.703,0.3,1.2,1.5,0.6,0.6,0.4,0.6,1.0,5.1
480,Nerlens Noel,26,NYK,C,64,41,24.2,2.1,3.5,.614,0.0,0.0,.000,2.1,3.4,.623,.614,0.8,1.1,.714,2.2,4.2,6.4,0.7,1.1,2.2,1.0,2.8,5.1
481,Precious Achiuwa,21,MIA,PF,61,4,12.1,2.0,3.7,.544,0.0,0.0,.000,2.0,3.7,.546,.544,0.9,1.8,.509,1.2,2.2,3.4,0.5,0.3,0.5,0.7,1.5,5.0
482,Bismack Biyombo,28,CHO,C,66,36,20.4,2.2,3.7,.587,0.0,0.0,.000,2.2,3.7,.589,.587,0.7,1.6,.448,2.1,3.2,5.3,1.2,0.3,1.1,1.1,2.1,5.0
483,Marc Gasol,36,LAL,C,52,42,19.1,1.7,3.7,.454,1.0,2.3,.410,0.7,1.4,.528,.582,0.7,1.0,.720,0.7,3.4,4.1,2.1,0.5,1.1,1.0,2.2,5.0
484,Trey Lyles,25,SAS,PF,23,9,15.6,1.9,3.9,.478,0.6,1.7,.350,1.3,2.2,.580,.556,0.7,1.0,.652,0.4,3.3,3.7,0.6,0.3,0.0,0.3,0.6,5.0
485,Caleb Martin,25,CHO,SF,53,3,15.4,1.8,4.8,.375,0.6,2.4,.248,1.2,2.5,.496,.436,0.8,1.2,.641,0.6,2.1,2.7,1.3,0.7,0.2,0.6,1.2,5.0
486,Jordan McLaughlin,24,MIN,PG,51,2,18.4,2.0,4.7,.413,0.6,1.8,.359,1.3,2.9,.447,.481,0.5,0.6,.767,0.4,1.7,2.1,3.8,1.0,0.1,1.0,0.9,5.0
487,Tyler Cook,23,2TM,SF,32,1,13.7,2.2,3.2,.670,0.0,0.1,.500,2.1,3.2,.673,.675,0.5,1.1,.486,0.9,2.1,3.0,0.5,0.3,0.1,0.7,1.1,4.9
488,Tyler Cook,23,BRK,PF,4,0,4.3,0.3,0.8,.333,0.0,0.0,,0.3,0.8,.333,.333,0.0,0.0,,0.3,0.3,0.5,0.5,0.0,0.0,0.3,0.5,0.5
489,Tyler Cook,23,DET,SF,28,1,15.0,2.4,3.6,.680,0.0,0.1,.500,2.4,3.5,.684,.685,0.6,1.3,.486,1.0,2.4,3.3,0.5,0.3,0.1,0.7,1.2,5.5
490,Brandon Goodwin,25,ATL,PG,47,5,13.2,1.8,4.7,.377,0.7,2.2,.311,1.1,2.6,.433,.448,0.6,0.9,.651,0.2,1.3,1.5,2.0,0.4,0.0,0.8,0.9,4.9
491,E'Twaun Moore,31,PHO,SG,27,1,14.4,2.0,4.5,.455,0.4,1.3,.314,1.6,3.2,.512,.500,0.4,0.5,.857,0.5,1.1,1.7,1.5,0.6,0.2,0.9,1.2,4.9
492,Jerome Robinson,23,WAS,SG,17,6,17.9,1.6,5.6,.295,0.6,2.5,.262,1.0,3.1,.321,.353,0.9,1.2,.800,0.2,2.0,2.2,1.5,0.7,0.4,1.1,1.8,4.9
493,Langston Galloway,29,PHO,SG,40,0,11.0,1.7,3.7,.449,0.9,2.1,.424,0.8,1.6,.484,.571,0.6,0.6,.957,0.2,0.9,1.1,0.7,0.2,0.0,0.3,0.6,4.8
494,Wesley Matthews,34,LAL,SG,58,10,19.5,1.5,4.3,.353,1.1,3.4,.335,0.4,0.9,.418,.484,0.6,0.7,.854,0.3,1.3,1.6,0.9,0.7,0.3,0.4,1.4,4.8
495,Gabe Vincent,24,MIA,PG,50,7,13.1,1.8,4.7,.378,0.9,3.0,.309,0.8,1.7,.500,.476,0.4,0.5,.870,0.2,0.9,1.1,1.3,0.4,0.0,0.7,1.6,4.8
496,Damian Jones,25,3TM,C,39,10,14.0,1.8,2.6,.680,0.0,0.1,.200,1.8,2.5,.704,.684,1.1,1.5,.724,0.9,2.2,3.1,0.7,0.3,0.7,0.7,2.0,4.7
497,Damian Jones,25,PHO,C,14,0,6.7,0.6,1.1,.500,0.0,0.1,.000,0.6,1.1,.533,.500,0.4,0.8,.545,0.5,0.8,1.3,0.3,0.1,0.4,0.4,1.4,1.6
498,Damian Jones,25,LAL,C,8,6,14.0,2.0,2.1,.941,0.0,0.0,,2.0,2.1,.941,.941,1.4,1.5,.917,1.0,2.3,3.3,0.1,0.1,0.9,0.6,2.8,5.4
499,Damian Jones,25,SAC,C,17,4,20.1,2.7,4.1,.657,0.1,0.2,.250,2.6,3.9,.682,.664,1.5,2.1,.714,1.2,3.3,4.5,1.4,0.5,1.0,0.9,2.1,6.9
500,Troy Brown Jr.,21,2TM,SF,34,0,15.4,1.8,4.2,.431,0.6,2.1,.314,1.2,2.2,.541,.507,0.4,0.6,.714,0.6,2.5,3.1,0.9,0.3,0.2,0.6,1.4,4.7
501,Troy Brown Jr.,21,WAS,SF,21,0,13.7,1.6,4.2,.371,0.7,2.2,.304,0.9,2.0,.442,.449,0.5,0.7,.667,0.5,2.4,2.9,0.9,0.1,0.2,0.8,1.4,4.3
502,Troy Brown Jr.,21,CHI,SF,13,0,18.2,2.2,4.2,.527,0.6,1.8,.333,1.6,2.4,.677,.600,0.4,0.5,.833,0.7,2.7,3.4,0.8,0.5,0.2,0.4,1.5,5.5
503,Boban MarjanoviÄ,32,DAL,C,33,3,8.2,1.9,3.7,.508,0.0,0.2,.125,1.8,3.5,.535,.512,0.9,1.2,.816,1.4,2.5,3.9,0.3,0.1,0.2,0.4,0.9,4.7
504,Aaron Nesmith,21,BOS,SF,46,1,14.5,1.7,3.9,.438,0.9,2.3,.370,0.8,1.5,.543,.551,0.5,0.6,.786,0.6,2.2,2.8,0.5,0.3,0.2,0.5,1.9,4.7
505,Grant Williams,22,BOS,PF,63,9,18.1,1.7,3.9,.437,0.8,2.0,.372,1.0,1.9,.508,.534,0.5,0.8,.588,0.8,2.1,2.8,1.0,0.5,0.4,0.9,2.6,4.7
506,Nassir Little,20,POR,PF,48,2,13.3,1.6,3.5,.467,0.6,1.7,.350,1.0,1.8,.575,.551,0.8,0.9,.800,0.7,2.0,2.7,0.5,0.1,0.3,0.4,1.1,4.6
507,Semi Ojeleye,26,BOS,PF,56,15,17.0,1.6,3.9,.403,1.0,2.8,.367,0.6,1.1,.492,.534,0.4,0.6,.750,0.6,2.1,2.6,0.7,0.3,0.0,0.4,1.0,4.6
508,Onyeka Okongwu,20,ATL,C,50,4,12.0,1.9,3.0,.644,0.0,0.1,.000,1.9,2.9,.658,.644,0.7,1.1,.632,1.2,2.0,3.3,0.4,0.5,0.7,0.6,2.0,4.6
509,JaKarr Sampson,27,IND,PF,29,4,10.9,1.9,3.9,.496,0.1,0.5,.200,1.8,3.4,.541,.509,0.7,1.0,.655,0.9,1.7,2.7,0.1,0.1,0.5,0.5,1.8,4.6
510,Rodney Hood,28,2TM,SF,55,5,17.1,1.7,4.7,.362,0.6,2.1,.301,1.1,2.7,.408,.427,0.4,0.5,.857,0.4,1.5,1.9,1.0,0.4,0.1,0.7,1.3,4.5
511,Rodney Hood,28,POR,SF,38,5,19.1,1.9,5.3,.363,0.7,2.2,.298,1.3,3.1,.410,.425,0.2,0.3,.750,0.5,1.4,1.9,1.2,0.5,0.1,0.8,1.6,4.7
512,Rodney Hood,28,TOR,SF,17,0,12.7,1.2,3.5,.356,0.5,1.7,.310,0.7,1.8,.400,.432,0.9,0.9,.938,0.3,1.5,1.8,0.4,0.2,0.2,0.3,0.9,3.9
513,Solomon Hill,29,ATL,PF,71,16,21.3,1.5,4.2,.359,1.0,3.0,.321,0.5,1.2,.453,.473,0.5,0.6,.761,0.6,2.4,3.0,1.1,0.7,0.2,0.6,1.6,4.5
514,Kelan Martin,25,IND,SF,35,0,9.2,1.8,3.9,.449,0.7,1.7,.400,1.1,2.2,.487,.536,0.3,0.3,.900,0.5,1.7,2.2,0.5,0.3,0.3,0.5,1.0,4.5
515,Al-Farouq Aminu,30,2TM,PF,23,14,18.9,1.7,4.3,.384,0.3,1.6,.216,1.3,2.7,.484,.424,0.8,1.0,.818,1.0,3.8,4.8,1.3,0.8,0.4,1.2,1.3,4.4
516,Al-Farouq Aminu,30,ORL,PF,17,14,21.6,2.1,5.2,.404,0.4,1.8,.226,1.7,3.4,.500,.444,0.8,1.0,.824,1.2,4.2,5.4,1.7,1.0,0.5,1.5,1.3,5.5
517,Al-Farouq Aminu,30,CHI,PF,6,0,11.2,0.3,1.7,.200,0.2,1.0,.167,0.2,0.7,.250,.250,0.7,0.8,.800,0.3,2.8,3.2,0.3,0.3,0.0,0.5,1.2,1.5
518,Charlie Brown Jr.,23,OKC,SG,9,1,16.9,1.4,4.8,.302,0.6,2.3,.238,0.9,2.4,.364,.360,1.0,1.1,.900,0.3,1.6,1.9,1.0,0.4,0.2,0.7,2.1,4.4
519,Andre Iguodala,37,MIA,SF,63,5,21.3,1.5,3.9,.383,1.0,2.9,.330,0.6,1.0,.530,.504,0.4,0.6,.658,0.6,2.9,3.5,2.3,0.9,0.6,1.1,1.4,4.4
520,Stanley Johnson,24,TOR,PF,61,13,16.5,1.5,3.8,.382,0.7,2.2,.328,0.7,1.6,.458,.479,0.7,0.9,.800,0.5,2.0,2.5,1.5,0.9,0.3,0.9,1.9,4.4
521,Yuta Watanabe,26,TOR,SF,50,4,14.5,1.6,3.6,.439,0.7,1.8,.400,0.9,1.8,.478,.539,0.5,0.6,.828,0.7,2.5,3.2,0.8,0.5,0.4,0.4,1.1,4.4
522,Chandler Hutchison,24,2TM,SF,25,1,13.8,1.6,4.1,.379,0.3,0.9,.364,1.2,3.2,.383,.417,0.8,1.0,.840,0.2,2.9,3.1,0.7,0.5,0.2,0.8,1.3,4.3
523,Chandler Hutchison,24,CHI,SF,7,0,9.1,0.7,2.6,.278,0.1,0.4,.333,0.6,2.1,.267,.306,0.3,0.3,1.000,0.1,2.7,2.9,0.6,0.1,0.0,0.7,1.3,1.9
524,Chandler Hutchison,24,WAS,SF,18,1,15.7,1.9,4.7,.400,0.4,1.1,.368,1.5,3.7,.409,.441,1.1,1.3,.826,0.3,2.9,3.2,0.7,0.6,0.3,0.8,1.3,5.2
525,Devin Cannady,24,ORL,PG,8,0,9.3,1.4,3.5,.393,0.8,2.0,.375,0.6,1.5,.417,.500,0.8,0.9,.857,0.0,0.6,0.6,0.1,0.6,0.1,0.3,1.1,4.3
526,John Konchar,24,MEM,SG,43,0,13.4,1.6,3.2,.500,0.5,1.3,.375,1.1,1.9,.585,.576,0.6,0.7,.833,0.8,2.2,3.0,1.1,0.7,0.2,0.4,0.9,4.3
527,Mike Scott,32,PHI,PF,51,12,16.7,1.5,4.1,.360,1.0,3.0,.342,0.5,1.1,.411,.486,0.2,0.2,.667,0.2,2.1,2.4,0.8,0.5,0.3,0.4,1.4,4.2
528,DaQuan Jeffries,23,2TM,SG,31,5,15.9,1.6,3.9,.417,0.6,2.2,.299,1.0,1.7,.566,.500,0.2,0.3,.875,0.6,1.7,2.3,0.7,0.5,0.3,0.5,1.5,4.1
529,DaQuan Jeffries,23,SAC,SG,18,2,12.9,1.3,3.2,.421,0.5,1.6,.321,0.8,1.6,.517,.500,0.3,0.4,.857,0.5,1.1,1.6,0.3,0.4,0.2,0.4,1.3,3.5
530,DaQuan Jeffries,23,HOU,SG,13,3,20.1,2.0,4.8,.413,0.8,3.0,.282,1.2,1.8,.625,.500,0.1,0.1,1.000,0.8,2.5,3.2,1.2,0.6,0.5,0.5,1.9,4.9
531,Jevon Carter,25,PHO,PG,60,1,12.0,1.6,3.7,.422,0.9,2.5,.371,0.6,1.2,.528,.547,0.1,0.1,.571,0.3,1.3,1.5,1.2,0.5,0.2,0.3,0.9,4.1
532,Josh Hall,20,OKC,SF,21,1,16.0,1.4,4.7,.303,0.2,1.8,.108,1.2,3.0,.419,.323,1.0,2.1,.500,0.3,2.5,2.8,1.3,0.2,0.0,1.2,1.8,4.1
533,Kevon Looney,24,GSW,C,61,34,19.0,1.8,3.2,.548,0.1,0.3,.235,1.7,3.0,.578,.558,0.5,0.8,.646,1.9,3.4,5.3,2.0,0.3,0.4,0.6,2.2,4.1
534,Nico Mannion,19,GSW,PG,30,1,12.1,1.3,3.8,.342,0.7,2.0,.367,0.6,1.8,.315,.439,0.8,0.9,.821,0.2,1.3,1.5,2.3,0.5,0.0,1.0,1.0,4.1
535,Darius Miller,30,OKC,SF,18,0,10.9,1.2,2.7,.458,0.9,2.3,.405,0.3,0.3,.833,.635,0.7,0.7,1.000,0.1,1.2,1.3,1.2,0.7,0.3,0.4,0.7,4.1
536,Lamar Stevens,23,CLE,PF,40,0,12.5,1.6,3.4,.456,0.1,0.6,.160,1.5,2.8,.523,.471,0.9,1.3,.725,0.6,1.8,2.4,0.6,0.4,0.3,0.6,1.3,4.1
537,Obi Toppin,22,NYK,PF,62,0,11.0,1.7,3.4,.498,0.4,1.4,.306,1.3,2.0,.629,.560,0.3,0.4,.731,0.4,1.8,2.2,0.5,0.3,0.2,0.4,0.9,4.1
538,Paul Watson,26,TOR,SF,27,2,11.0,1.4,3.0,.463,1.1,2.4,.469,0.3,0.7,.444,.646,0.2,0.3,.625,0.1,1.5,1.7,0.6,0.2,0.1,0.3,1.3,4.1
539,Jordan Bone,23,ORL,PG,14,0,14.0,1.6,3.9,.426,0.7,2.3,.313,0.9,1.6,.591,.519,0.0,0.0,,0.3,1.4,1.7,1.3,0.1,0.0,0.2,0.8,4.0
540,Chris Chiozza,25,BRK,PG,22,1,10.5,1.4,4.0,.352,0.6,1.9,.310,0.8,2.1,.391,.426,0.6,0.8,.765,0.1,1.0,1.1,3.0,0.3,0.3,0.7,0.9,4.0
541,Carsen Edwards,22,BOS,SG,31,1,8.9,1.5,3.6,.423,0.6,2.0,.286,0.9,1.5,.604,.505,0.4,0.4,.846,0.1,0.7,0.8,0.5,0.2,0.0,0.2,0.8,4.0
542,Udonis Haslem,40,MIA,C,1,0,3.0,2.0,2.0,1.000,0.0,0.0,,2.0,2.0,1.000,1.000,0.0,0.0,,0.0,1.0,1.0,0.0,0.0,0.0,0.0,0.0,4.0
543,Cody Martin,25,CHO,SF,52,10,16.3,1.6,3.6,.441,0.3,1.1,.276,1.3,2.5,.515,.484,0.5,0.8,.581,1.0,2.1,3.1,1.7,0.7,0.2,0.8,1.0,4.0
544,Brodric Thomas,24,2TM,SG,32,1,12.5,1.2,3.4,.361,0.5,1.8,.271,0.7,1.5,.469,.435,1.0,1.4,.674,0.3,1.4,1.7,0.9,0.5,0.3,0.7,1.3,3.9
545,Brodric Thomas,24,HOU,SG,4,0,6.0,0.5,1.8,.286,0.3,1.5,.167,0.3,0.3,1.000,.357,1.3,1.8,.714,0.3,0.8,1.0,1.0,0.3,0.3,1.0,1.3,2.5
546,Brodric Thomas,24,CLE,SG,28,1,13.4,1.3,3.6,.366,0.5,1.9,.283,0.8,1.7,.458,.441,0.9,1.4,.667,0.3,1.5,1.8,0.9,0.5,0.3,0.6,1.3,4.1
547,Justin James,24,SAC,SF,36,0,8.6,1.4,3.1,.468,0.4,1.1,.368,1.1,2.0,.521,.532,0.6,1.0,.583,0.3,0.6,0.8,0.6,0.2,0.1,0.4,0.6,3.9
548,Kevin Knox,21,NYK,SF,42,0,11.0,1.3,3.4,.392,0.8,2.1,.393,0.5,1.3,.389,.514,0.4,0.5,.800,0.2,1.2,1.5,0.5,0.3,0.1,0.4,0.9,3.9
549,Matisse Thybulle,23,PHI,SG,65,8,20.0,1.6,3.7,.420,0.7,2.2,.301,0.9,1.5,.590,.508,0.1,0.3,.444,0.5,1.4,1.9,1.0,1.6,1.1,0.5,2.0,3.9
550,Dante Exum,25,CLE,SG,6,3,19.3,1.7,4.3,.385,0.3,1.8,.182,1.3,2.5,.533,.423,0.2,0.3,.500,0.3,2.5,2.8,2.2,0.7,0.3,1.2,1.5,3.8
551,Ersan Ä°lyasova,33,UTA,PF,17,1,8.7,1.2,3.2,.389,1.1,2.4,.439,0.2,0.8,.231,.556,0.3,0.3,1.000,0.4,1.3,1.7,0.2,0.6,0.2,0.5,1.7,3.8
552,Nathan Knight,23,ATL,PF,33,0,8.5,1.1,3.0,.370,0.2,1.0,.182,0.9,2.0,.463,.400,1.3,1.7,.800,0.8,1.4,2.2,0.2,0.3,0.3,0.5,0.7,3.8
553,Thon Maker,23,CLE,C,8,0,9.5,1.3,2.3,.556,0.0,0.3,.000,1.3,2.0,.625,.556,1.3,1.4,.909,1.0,1.3,2.3,0.5,0.3,0.5,0.4,0.9,3.8
554,Skylar Mays,23,ATL,SG,33,0,8.2,1.3,3.0,.449,0.4,1.2,.350,0.9,1.8,.517,.520,0.7,0.8,.880,0.3,0.8,1.1,0.9,0.4,0.1,0.3,0.5,3.8
555,Tremont Waters,23,BOS,PG,26,3,9.2,1.3,3.2,.405,0.6,1.5,.395,0.7,1.8,.413,.494,0.6,0.7,.941,0.2,0.6,0.8,2.4,0.6,0.0,1.0,0.7,3.8
556,P.J. Tucker,35,2TM,PF,52,33,26.1,1.3,3.4,.373,0.8,2.3,.336,0.5,1.1,.448,.486,0.4,0.5,.750,1.0,2.9,3.9,1.2,0.8,0.4,0.8,2.4,3.7
557,P.J. Tucker,35,HOU,PF,32,32,30.0,1.5,4.1,.366,0.8,2.7,.314,0.7,1.4,.467,.469,0.6,0.7,.783,1.0,3.6,4.6,1.4,0.9,0.6,1.0,2.8,4.4
558,P.J. Tucker,35,MIL,PF,20,1,19.9,0.9,2.3,.391,0.7,1.7,.394,0.3,0.7,.385,.533,0.2,0.3,.600,0.9,1.9,2.8,0.8,0.5,0.1,0.4,1.7,2.6
559,Isaiah Joe,21,PHI,SG,41,1,9.3,1.2,3.2,.361,1.0,2.6,.368,0.2,0.7,.333,.508,0.4,0.6,.750,0.1,0.7,0.9,0.5,0.3,0.1,0.3,0.8,3.7
560,Luka Å amaniÄ,21,SAS,PF,33,4,9.3,1.4,3.2,.448,0.4,1.3,.279,1.1,1.9,.565,.505,0.5,0.9,.552,0.5,1.6,2.1,0.5,0.2,0.2,0.6,1.3,3.7
561,Javonte Green,27,2TM,SF,41,2,11.5,1.3,2.5,.520,0.2,0.7,.333,1.0,1.8,.597,.569,0.7,1.0,.750,0.6,1.1,1.7,0.4,0.7,0.1,0.5,1.1,3.6
562,Javonte Green,27,BOS,SF,25,2,13.8,1.6,2.8,.549,0.3,0.9,.318,1.3,2.0,.653,.599,0.8,1.2,.667,0.8,1.3,2.1,0.4,0.7,0.1,0.5,1.3,4.2
563,Javonte Green,27,CHI,SG,16,0,8.0,0.9,1.9,.452,0.2,0.5,.375,0.7,1.4,.478,.500,0.6,0.6,1.000,0.4,0.8,1.2,0.4,0.6,0.3,0.4,0.8,2.6
564,Luke Kornet,25,2TM,C,31,2,11.2,1.4,3.3,.436,0.5,1.9,.254,0.9,1.4,.690,.510,0.1,0.2,.500,0.5,1.7,2.2,0.8,0.1,1.0,0.2,0.6,3.4
565,Luke Kornet,25,CHI,C,13,0,7.2,0.7,2.1,.333,0.5,1.8,.261,0.2,0.3,.750,.444,0.2,0.3,.500,0.1,1.1,1.2,0.3,0.2,0.5,0.1,0.1,2.0
566,Luke Kornet,25,BOS,C,18,2,14.1,1.9,4.1,.473,0.5,2.0,.250,1.4,2.1,.684,.534,0.1,0.1,.500,0.7,2.2,2.9,1.1,0.1,1.4,0.3,1.1,4.4
567,Wenyen Gabriel,23,NOP,PF,21,0,11.5,1.1,2.9,.400,0.6,1.5,.406,0.5,1.3,.393,.508,0.5,0.8,.647,1.0,1.6,2.6,0.5,0.4,0.4,0.7,1.5,3.4
568,Paul Reed,21,PHI,PF,26,0,6.8,1.6,3.0,.538,0.0,0.2,.000,1.6,2.8,.583,.538,0.2,0.3,.500,1.2,1.2,2.3,0.5,0.4,0.5,0.5,1.1,3.4
569,Quinn Cook,27,2TM,PG,23,0,6.8,1.3,3.0,.426,0.5,1.1,.423,0.8,1.8,.429,.507,0.3,0.3,.875,0.1,0.7,0.7,0.8,0.2,0.0,0.3,0.4,3.3
570,Quinn Cook,27,LAL,PG,16,0,3.9,0.8,1.6,.462,0.3,0.8,.385,0.4,0.8,.538,.558,0.3,0.3,.800,0.0,0.3,0.3,0.3,0.1,0.1,0.2,0.1,2.1
571,Quinn Cook,27,CLE,PG,7,0,13.6,2.4,6.0,.405,0.9,1.9,.462,1.6,4.1,.379,.476,0.4,0.4,1.000,0.3,1.4,1.7,1.9,0.4,0.0,0.6,1.1,6.1
572,Meyers Leonard,28,MIA,C,3,2,9.7,1.0,2.3,.429,1.0,2.3,.429,0.0,0.0,,.643,0.3,0.7,.500,0.0,2.3,2.3,0.7,0.0,0.0,0.7,1.7,3.3
573,Amir Coffey,23,LAC,SG,44,1,9.0,1.0,2.3,.437,0.5,1.3,.411,0.5,1.1,.468,.549,0.6,0.9,.711,0.2,0.8,1.0,0.5,0.2,0.0,0.3,0.7,3.2
574,Zeke Nnaji,20,DEN,PF,42,1,9.5,1.2,2.5,.481,0.6,1.4,.407,0.6,1.1,.578,.596,0.3,0.4,.800,0.3,1.2,1.5,0.2,0.2,0.1,0.2,0.7,3.2
575,Killian Tillie,22,MEM,C,18,1,10.1,1.1,3.2,.333,0.6,1.8,.303,0.5,1.3,.375,.421,0.5,0.6,.818,0.3,1.0,1.3,0.4,0.3,0.4,0.1,1.1,3.2
576,Matt Thomas,26,2TM,SG,45,0,7.2,1.1,2.8,.394,0.6,1.8,.338,0.5,1.0,.489,.500,0.3,0.3,.857,0.2,0.8,1.0,0.4,0.1,0.0,0.3,0.4,3.1
577,Matt Thomas,26,TOR,SG,26,0,7.4,0.9,2.4,.387,0.7,1.6,.415,0.3,0.8,.333,.524,0.2,0.3,.857,0.1,0.7,0.8,0.3,0.1,0.0,0.2,0.4,2.7
578,Matt Thomas,26,UTA,SG,19,0,7.1,1.4,3.4,.400,0.5,2.1,.256,0.8,1.4,.615,.477,0.3,0.4,.857,0.2,1.0,1.2,0.5,0.1,0.0,0.4,0.4,3.6
579,Gary Clark,26,3TM,SF,39,11,16.8,1.0,3.4,.303,0.8,2.8,.287,0.2,0.6,.375,.420,0.2,0.3,.800,0.8,2.1,2.9,0.8,0.3,0.2,0.4,0.9,3.1
580,Gary Clark,26,ORL,SF,35,11,18.2,1.1,3.7,.305,0.9,3.1,.287,0.3,0.7,.391,.424,0.2,0.3,.800,0.9,2.3,3.2,0.9,0.3,0.2,0.5,1.0,3.4
581,Gary Clark,26,DEN,SF,2,0,2.0,0.0,0.0,,0.0,0.0,,0.0,0.0,,,0.0,0.0,,0.0,0.5,0.5,0.0,0.0,0.0,0.0,0.0,0.0
582,Gary Clark,26,PHI,PF,2,0,6.5,0.0,0.5,.000,0.0,0.0,,0.0,0.5,.000,.000,0.0,0.0,,0.0,1.0,1.0,0.5,0.5,0.0,0.0,0.5,0.0
583,Ryan Arcidiacono,26,CHI,PG,44,0,10.2,1.1,2.7,.419,0.6,1.5,.373,0.5,1.1,.480,.526,0.3,0.5,.650,0.1,1.4,1.5,1.3,0.2,0.0,0.2,1.1,3.1
584,Mamadi Diakite,24,MIL,PF,14,1,10.1,1.1,2.9,.400,0.1,0.6,.125,1.1,2.3,.469,.413,0.8,1.0,.786,0.6,1.9,2.4,0.6,0.5,0.4,0.2,1.1,3.1
585,Anthony Gill,28,WAS,PF,26,4,8.4,1.2,2.3,.500,0.3,0.9,.292,0.9,1.4,.639,.558,0.5,0.6,.813,0.6,1.3,2.0,0.4,0.4,0.2,0.3,1.0,3.1
586,Romeo Langford,21,BOS,SG,18,4,15.7,1.2,3.3,.356,0.3,1.0,.278,0.9,2.3,.390,.398,0.5,0.7,.750,0.7,1.3,1.9,0.7,0.3,0.3,0.6,1.3,3.1
587,Alfonzo McKinnie,28,LAL,SF,39,0,6.6,1.2,2.4,.516,0.4,1.0,.410,0.8,1.4,.593,.602,0.3,0.5,.556,0.6,0.8,1.4,0.2,0.2,0.0,0.1,0.7,3.1
588,Jahmi'us Ramsey,19,SAC,SG,13,0,7.2,1.2,2.9,.395,0.4,1.5,.263,0.8,1.5,.526,.461,0.4,0.4,1.000,0.2,0.6,0.8,0.5,0.3,0.1,0.2,0.6,3.1
589,Cameron Reynolds,25,2TM,SF,5,0,8.0,1.2,3.6,.333,0.6,2.4,.250,0.6,1.2,.500,.417,0.0,0.0,,0.4,0.6,1.0,0.4,0.0,0.0,0.0,0.4,3.0
590,Cameron Reynolds,25,SAS,SF,3,0,2.0,0.3,0.7,.500,0.0,0.0,,0.3,0.7,.500,.500,0.0,0.0,,0.0,0.0,0.0,0.0,0.0,0.0,0.0,0.0,0.7
591,Cameron Reynolds,25,HOU,SF,2,0,17.0,2.5,8.0,.313,1.5,6.0,.250,1.0,2.0,.500,.406,0.0,0.0,,1.0,1.5,2.5,1.0,0.0,0.0,0.0,1.0,6.5
592,NicolÃ² Melli,30,2TM,PF,45,4,12.6,1.0,3.1,.326,0.5,1.9,.271,0.5,1.2,.411,.408,0.4,0.6,.760,0.6,2.1,2.7,1.0,0.3,0.1,0.3,1.3,3.0
593,NicolÃ² Melli,30,NOP,PF,22,0,11.0,0.7,2.7,.254,0.3,1.7,.189,0.4,1.0,.364,.314,0.3,0.3,.857,0.5,2.0,2.6,1.1,0.4,0.0,0.3,1.3,2.0
594,NicolÃ² Melli,30,DAL,PF,23,4,14.1,1.3,3.6,.378,0.7,2.1,.333,0.7,1.5,.441,.476,0.6,0.8,.722,0.7,2.1,2.8,0.8,0.2,0.1,0.2,1.3,4.0
595,Sam Merrill,24,MIL,SG,30,2,7.8,1.1,2.4,.444,0.7,1.6,.447,0.4,0.8,.440,.590,0.1,0.1,1.000,0.2,0.8,1.0,0.7,0.3,0.0,0.3,0.6,3.0
596,Reggie Perry,20,BRK,PF,26,0,8.1,1.2,3.0,.410,0.2,0.8,.190,1.1,2.2,.491,.436,0.4,0.5,.769,1.0,1.8,2.8,0.5,0.2,0.2,0.6,1.5,3.0
597,Thanasis Antetokounmpo,28,MIL,SF,57,3,9.7,1.2,2.4,.489,0.1,0.5,.241,1.1,1.9,.556,.515,0.4,0.9,.510,0.9,1.2,2.2,0.8,0.4,0.2,0.8,1.3,2.9
598,Trent Forrest,22,UTA,PG,30,0,10.1,1.1,2.4,.451,0.2,0.9,.192,0.9,1.5,.600,.486,0.6,0.6,1.000,0.4,1.1,1.5,1.5,0.3,0.1,0.7,0.7,2.9
599,Bruno Caboclo,25,HOU,PF,6,0,6.0,1.3,2.8,.471,0.0,0.8,.000,1.3,2.0,.667,.471,0.2,0.3,.500,0.5,1.8,2.3,0.2,0.0,0.3,0.7,1.0,2.8
600,Matthew Dellavedova,30,CLE,PG,13,1,17.2,1.1,4.3,.250,0.3,1.9,.160,0.8,2.4,.323,.286,0.3,0.3,1.000,0.5,1.4,1.8,4.5,0.3,0.1,0.5,1.6,2.8
601,Harry Giles,22,POR,C,38,0,9.2,1.1,2.6,.433,0.2,0.6,.348,0.9,1.9,.459,.474,0.4,0.7,.593,0.8,2.7,3.5,0.8,0.2,0.3,0.5,1.4,2.8
602,Kyle Guy,23,SAC,PG,31,0,7.6,0.9,2.8,.330,0.4,1.5,.283,0.5,1.4,.381,.403,0.5,0.6,.800,0.2,1.0,1.1,1.0,0.2,0.0,0.4,0.6,2.8
603,Markus Howard,21,DEN,SG,37,1,5.5,1.1,2.9,.377,0.5,1.8,.277,0.6,1.1,.537,.462,0.2,0.2,.778,0.0,0.5,0.6,0.5,0.1,0.0,0.5,0.6,2.8
604,Didi Louzada,21,NOP,SF,3,0,18.7,1.0,4.3,.231,0.7,2.7,.250,0.3,1.7,.200,.308,0.0,0.0,,0.3,0.7,1.0,1.0,0.7,0.0,1.0,1.7,2.7
605,Frank Ntilikina,22,NYK,PG,33,4,9.8,0.9,2.4,.367,0.7,1.5,.479,0.2,0.9,.194,.513,0.2,0.5,.444,0.2,0.8,0.9,0.6,0.5,0.1,0.3,1.4,2.7
606,Keita Bates-Diop,25,SAS,SF,30,0,8.2,1.0,2.2,.448,0.2,0.6,.294,0.8,1.7,.500,.485,0.5,0.7,.667,0.3,1.3,1.6,0.4,0.4,0.2,0.2,0.4,2.6
607,Amida Brimah,26,IND,C,5,0,5.8,1.0,1.6,.625,0.0,0.0,,1.0,1.6,.625,.625,0.6,0.6,1.000,0.4,1.2,1.6,0.2,0.0,1.0,0.8,0.8,2.6
608,Josh Green,20,DAL,SG,39,5,11.4,1.1,2.4,.452,0.1,0.6,.160,1.0,1.7,.559,.473,0.3,0.6,.565,0.7,1.3,2.0,0.7,0.4,0.1,0.4,0.9,2.6
609,Grant Riller,23,CHO,PG,7,0,3.9,1.1,1.7,.667,0.3,0.6,.500,0.9,1.1,.750,.750,0.0,0.0,,0.0,0.1,0.1,0.4,0.1,0.0,0.1,0.0,2.6
610,Anderson VarejÃ£o,38,CLE,C,5,0,7.2,0.8,3.2,.250,0.0,0.2,.000,0.8,3.0,.267,.250,1.0,1.8,.556,1.4,2.6,4.0,0.6,0.0,0.4,0.2,0.6,2.6
611,Jordan Bell,26,2TM,C,6,1,13.7,1.2,3.7,.318,0.0,0.3,.000,1.2,3.3,.350,.318,0.2,0.3,.500,1.2,2.8,4.0,1.2,0.5,0.8,0.7,1.2,2.5
612,Jordan Bell,26,WAS,C,5,1,13.4,1.4,4.0,.350,0.0,0.4,.000,1.4,3.6,.389,.350,0.0,0.0,,1.2,2.6,3.8,1.0,0.6,0.6,0.6,1.0,2.8
613,Jordan Bell,26,GSW,C,1,0,15.0,0.0,2.0,.000,0.0,0.0,,0.0,2.0,.000,.000,1.0,2.0,.500,1.0,4.0,5.0,2.0,0.0,2.0,1.0,2.0,1.0
614,Tacko Fall,25,BOS,C,19,0,7.2,1.1,1.5,.724,0.0,0.0,,1.1,1.5,.724,.724,0.3,0.8,.333,0.8,1.9,2.7,0.2,0.1,1.1,0.3,1.2,2.5
615,Rondae Hollis-Jefferson,26,POR,PF,11,1,9.7,0.8,1.6,.500,0.0,0.1,.000,0.8,1.5,.529,.500,0.8,1.5,.563,1.0,1.4,2.4,1.2,0.2,0.4,0.2,1.4,2.5
616,Tre Jones,21,SAS,PG,37,1,7.3,1.0,2.1,.474,0.1,0.1,.600,0.9,2.0,.466,.494,0.5,0.5,.895,0.2,0.4,0.6,1.1,0.2,0.0,0.4,0.4,2.5
617,KZ Okpala,21,MIA,PF,37,9,12.1,1.0,2.6,.375,0.3,1.4,.240,0.6,1.2,.522,.438,0.2,0.4,.533,0.6,1.3,1.8,0.5,0.3,0.3,0.4,1.6,2.5
618,Gary Payton II,28,GSW,PG,10,0,4.0,1.0,1.3,.769,0.2,0.4,.500,0.8,0.9,.889,.846,0.3,0.4,.750,0.2,0.9,1.1,0.1,0.6,0.1,0.1,0.8,2.5
619,Mfiondu Kabengele,23,2TM,PF,39,0,7.2,0.8,2.3,.371,0.3,1.3,.260,0.5,1.0,.513,.444,0.4,0.5,.800,0.3,1.2,1.5,0.4,0.2,0.3,0.4,0.9,2.4
620,Mfiondu Kabengele,23,LAC,PF,23,0,4.1,0.4,1.4,.281,0.2,0.8,.222,0.2,0.6,.357,.344,0.2,0.3,.833,0.0,0.6,0.6,0.2,0.1,0.1,0.3,0.8,1.2
621,Mfiondu Kabengele,23,CLE,PF,16,0,11.6,1.5,3.6,.421,0.6,2.0,.281,0.9,1.6,.600,.500,0.7,0.9,.786,0.7,2.2,2.9,0.8,0.4,0.6,0.6,1.1,4.3
622,Wes Iwundu,26,2TM,SF,41,4,13.1,0.8,2.5,.333,0.1,1.0,.122,0.7,1.5,.475,.358,0.6,0.8,.839,0.4,1.8,2.2,0.4,0.4,0.1,0.5,1.2,2.4
623,Wes Iwundu,26,DAL,SF,23,3,12.5,0.7,2.3,.327,0.1,1.0,.130,0.6,1.3,.483,.356,0.5,0.6,.857,0.3,1.7,1.9,0.4,0.4,0.1,0.3,1.1,2.1
624,Wes Iwundu,26,NOP,SF,18,1,13.9,0.9,2.8,.340,0.1,1.0,.111,0.8,1.8,.469,.360,0.8,0.9,.824,0.5,2.1,2.6,0.4,0.3,0.1,0.7,1.3,2.8
625,Vernon Carey Jr.,19,CHO,C,19,4,6.1,0.9,1.9,.500,0.1,0.4,.143,0.9,1.5,.586,.514,0.5,0.6,.818,0.3,1.1,1.4,0.1,0.1,0.3,0.3,0.7,2.4
626,Jeremiah Martin,24,CLE,PG,9,0,8.3,1.0,3.7,.273,0.3,1.3,.250,0.7,2.3,.286,.318,0.1,0.6,.200,0.2,0.6,0.8,0.4,0.6,0.2,0.7,0.1,2.4
627,Rayjon Tucker,23,PHI,PG,14,0,4.9,0.6,1.3,.500,0.1,0.5,.286,0.5,0.8,.636,.556,1.0,1.4,.737,0.1,0.7,0.8,0.4,0.1,0.0,0.3,0.6,2.4
628,Jarrell Brantley,24,UTA,PF,28,0,4.9,0.9,1.9,.481,0.4,1.0,.429,0.5,0.9,.542,.596,0.1,0.1,1.000,0.3,0.6,1.0,0.5,0.3,0.1,0.3,0.6,2.3
629,CJ Elleby,20,POR,SF,30,0,6.4,0.8,2.2,.379,0.2,1.1,.206,0.6,1.1,.563,.432,0.4,0.5,.733,0.4,0.7,1.1,0.3,0.2,0.1,0.2,0.9,2.3
630,Justin Robinson,23,OKC,PG,9,0,9.8,0.8,2.3,.333,0.4,1.6,.286,0.3,0.8,.429,.429,0.3,0.6,.600,0.1,0.7,0.8,1.0,0.3,0.0,0.2,1.1,2.3
631,Quinndary Weatherspoon,24,SAS,SG,20,0,6.1,0.8,1.8,.457,0.1,0.3,.167,0.8,1.5,.517,.471,0.7,0.8,.813,0.2,0.4,0.6,0.4,0.4,0.1,0.5,0.9,2.3
632,Bol Bol,21,DEN,PF,32,2,5.0,0.8,1.8,.431,0.3,0.8,.375,0.5,1.1,.471,.509,0.3,0.5,.667,0.0,0.8,0.8,0.2,0.1,0.3,0.4,0.4,2.2
633,Sean McDermott,24,MEM,SF,18,0,8.8,0.7,1.8,.394,0.3,1.2,.227,0.4,0.6,.727,.470,0.4,0.4,1.000,0.3,0.7,1.1,0.2,0.1,0.2,0.2,0.4,2.2
634,Shaquille Harrison,27,2TM,SG,34,0,9.8,0.8,2.3,.333,0.1,0.5,.188,0.7,1.8,.371,.353,0.5,0.6,.818,0.2,1.2,1.4,0.7,0.5,0.1,0.3,1.0,2.1
635,Shaquille Harrison,27,UTA,SG,17,0,3.3,0.4,1.2,.300,0.0,0.1,.000,0.4,1.1,.333,.300,0.3,0.4,.833,0.2,0.4,0.5,0.5,0.1,0.0,0.3,0.2,1.0
636,Shaquille Harrison,27,DEN,SG,17,0,16.3,1.2,3.4,.345,0.2,0.8,.214,1.0,2.6,.386,.371,0.8,0.9,.813,0.2,2.1,2.3,0.9,0.9,0.3,0.4,1.8,3.3
637,Chris Silva,24,2TM,PF,15,0,6.1,0.7,1.1,.625,0.1,0.1,1.000,0.6,1.0,.600,.656,0.7,1.0,.733,0.5,1.3,1.8,0.4,0.1,0.4,0.7,1.6,2.1
638,Chris Silva,24,MIA,PF,11,0,7.5,0.8,1.2,.692,0.1,0.1,1.000,0.7,1.1,.667,.731,1.0,1.4,.733,0.6,1.6,2.3,0.5,0.1,0.5,0.8,1.8,2.7
639,Chris Silva,24,SAC,PF,4,0,2.3,0.3,0.8,.333,0.0,0.0,,0.3,0.8,.333,.333,0.0,0.0,,0.0,0.5,0.5,0.0,0.0,0.3,0.3,1.0,0.5
640,Vlatko ÄanÄar,23,DEN,PF,41,1,6.9,0.8,1.8,.458,0.2,0.8,.273,0.6,1.0,.615,.521,0.2,0.3,.769,0.3,1.0,1.2,0.3,0.3,0.0,0.3,0.4,2.1
641,Ed Davis,31,MIN,C,23,7,13.0,0.8,1.9,.432,0.0,0.0,,0.8,1.9,.432,.432,0.4,0.5,.833,2.0,3.0,5.0,0.9,0.6,0.6,0.3,2.4,2.1
642,Devon Dotson,21,CHI,PG,11,0,4.5,1.0,1.9,.524,0.1,0.6,.143,0.9,1.3,.714,.548,0.0,0.0,,0.2,0.3,0.5,0.6,0.4,0.0,0.0,0.3,2.1
643,Deividas Sirvydis,20,DET,SG,20,0,6.7,0.7,2.0,.350,0.5,1.4,.357,0.2,0.6,.333,.475,0.2,0.3,.500,0.0,1.5,1.5,0.3,0.1,0.0,0.3,0.5,2.1
644,Sindarius Thornwell,26,2TM,SG,21,1,10.3,0.7,2.2,.326,0.3,1.1,.304,0.4,1.1,.348,.402,0.2,0.4,.500,0.1,0.7,0.9,1.0,0.6,0.1,0.3,0.7,2.0
645,Sindarius Thornwell,26,NOP,SG,14,1,5.2,0.5,1.5,.333,0.2,0.6,.333,0.3,0.9,.333,.405,0.0,0.1,.000,0.1,0.3,0.4,0.3,0.4,0.1,0.3,0.2,1.2
646,Sindarius Thornwell,26,ORL,SG,7,0,20.6,1.1,3.6,.320,0.6,2.0,.286,0.6,1.6,.364,.400,0.6,0.9,.667,0.3,1.6,1.9,2.4,1.1,0.1,0.4,1.7,3.4
647,Isaac Bonga,21,WAS,SF,40,8,10.8,0.8,2.0,.370,0.3,1.2,.277,0.4,0.9,.500,.451,0.1,0.2,.625,0.5,1.2,1.7,0.6,0.3,0.2,0.6,1.6,2.0
648,Devontae Cacok,24,LAL,PF,20,1,4.9,0.9,1.5,.586,0.0,0.0,,0.9,1.5,.586,.586,0.3,0.6,.455,0.6,1.0,1.6,0.1,0.3,0.2,0.3,0.4,2.0
649,Nate Hinton,21,DAL,SG,21,0,4.4,0.7,2.0,.357,0.2,0.9,.211,0.5,1.1,.478,.405,0.3,0.5,.700,0.0,0.4,0.4,0.4,0.3,0.1,0.2,0.4,2.0
650,Jontay Porter,21,MEM,PF,11,0,4.9,0.7,1.4,.533,0.3,0.7,.375,0.5,0.6,.714,.633,0.3,0.5,.600,0.4,0.9,1.3,0.1,0.3,0.1,0.6,1.1,2.0
651,Jalen Smith,20,PHO,PF,27,1,5.8,0.8,1.9,.440,0.1,0.6,.235,0.7,1.2,.545,.480,0.2,0.3,.714,0.3,1.1,1.4,0.1,0.0,0.2,0.3,0.6,2.0
652,Ray Spalding,23,HOU,C,2,0,9.5,1.0,2.0,.500,0.0,0.5,.000,1.0,1.5,.667,.500,0.0,1.0,.000,1.0,1.0,2.0,0.0,0.0,1.0,1.5,1.5,2.0
653,Miye Oni,23,UTA,SG,54,0,9.6,0.6,1.8,.354,0.6,1.6,.341,0.1,0.2,.455,.505,0.1,0.1,.833,0.4,1.1,1.6,0.5,0.2,0.1,0.3,1.1,1.9
654,Alen SmailagiÄ,20,GSW,PF,15,1,5.6,0.7,1.8,.407,0.3,0.7,.400,0.5,1.1,.412,.481,0.1,0.4,.333,0.4,0.7,1.1,0.3,0.2,0.3,0.3,0.7,1.9
655,Cassius Winston,22,WAS,PG,22,0,4.5,0.6,1.5,.424,0.4,0.8,.471,0.3,0.7,.375,.545,0.2,0.3,.833,0.0,0.4,0.4,0.5,0.1,0.0,0.2,0.4,1.9
656,Daniel Oturu,21,LAC,C,30,0,5.4,0.7,1.7,.423,0.0,0.2,.200,0.7,1.6,.447,.433,0.3,0.4,.750,0.7,0.9,1.6,0.3,0.1,0.2,0.3,0.8,1.8
657,Axel Toupane,28,MIL,SF,8,1,7.6,0.5,1.4,.364,0.1,0.3,.500,0.4,1.1,.333,.409,0.6,0.9,.714,0.0,0.8,0.8,0.5,0.3,0.4,0.0,0.8,1.8
658,Elijah Hughes,22,UTA,SF,18,0,3.6,0.6,1.7,.333,0.4,1.3,.348,0.1,0.4,.286,.467,0.2,0.2,.750,0.1,0.4,0.5,0.3,0.1,0.1,0.3,0.1,1.7
659,T.J. Leaf,23,POR,PF,7,0,5.0,0.7,1.4,.500,0.0,0.0,,0.7,1.4,.500,.500,0.3,0.3,1.000,0.0,0.7,0.7,0.1,0.3,0.1,0.3,0.1,1.7
660,James Nunnally,30,NOP,SF,9,0,5.3,0.6,1.4,.385,0.4,1.3,.333,0.1,0.1,1.000,.538,0.1,0.2,.500,0.2,0.8,1.0,0.3,0.0,0.0,0.2,0.1,1.7
661,Tim Frazier,30,MEM,PG,5,0,12.4,0.6,4.0,.150,0.0,1.6,.000,0.6,2.4,.250,.150,0.4,1.2,.333,0.0,1.6,1.6,3.2,0.4,0.2,0.8,1.4,1.6
662,Rodions Kurucs,22,3TM,SF,21,0,6.0,0.5,1.5,.344,0.3,1.0,.286,0.2,0.5,.455,.438,0.1,0.2,.750,0.2,0.9,1.1,0.5,0.4,0.2,0.6,0.8,1.5
663,Rodions Kurucs,22,BRK,PF,5,0,3.2,0.2,0.6,.333,0.2,0.4,.500,0.0,0.2,.000,.500,0.0,0.0,,0.0,0.6,0.6,0.4,0.0,0.0,0.0,0.2,0.6
664,Rodions Kurucs,22,HOU,SF,11,0,6.8,0.5,1.9,.238,0.2,1.4,.133,0.3,0.5,.500,.286,0.1,0.2,.500,0.2,0.8,1.0,0.4,0.5,0.4,0.8,0.6,1.2
665,Rodions Kurucs,22,MIL,SF,5,0,6.8,1.0,1.6,.625,0.6,0.8,.750,0.4,0.8,.500,.813,0.4,0.4,1.000,0.6,1.2,1.8,0.8,0.6,0.0,0.8,1.6,3.0
666,Norvel Pelle,27,3TM,C,13,0,6.5,0.6,1.2,.533,0.0,0.0,,0.6,1.2,.533,.533,0.3,0.5,.667,0.5,1.0,1.5,0.2,0.1,0.7,0.2,1.1,1.5
667,Norvel Pelle,27,BRK,C,3,0,9.3,1.0,2.3,.429,0.0,0.0,,1.0,2.3,.429,.429,0.0,0.0,,1.0,1.3,2.3,0.0,0.0,1.0,1.0,3.0,2.0
668,Norvel Pelle,27,SAC,C,1,0,4.0,0.0,1.0,.000,0.0,0.0,,0.0,1.0,.000,.000,3.0,4.0,.750,1.0,0.0,1.0,1.0,0.0,0.0,0.0,1.0,3.0
669,Norvel Pelle,27,NYK,C,9,0,5.8,0.6,0.8,.714,0.0,0.0,,0.6,0.8,.714,.714,0.1,0.2,.500,0.2,1.0,1.2,0.1,0.1,0.7,0.0,0.4,1.2
670,Bruno Fernando,22,ATL,C,33,0,6.8,0.5,1.3,.409,0.0,0.1,.000,0.5,1.3,.429,.409,0.5,0.7,.682,0.5,1.9,2.4,0.3,0.1,0.1,0.6,0.7,1.5
671,Cassius Stanley,21,IND,SG,24,0,3.9,0.5,1.8,.302,0.1,0.5,.231,0.4,1.3,.333,.337,0.3,0.4,.778,0.3,0.5,0.8,0.0,0.0,0.1,0.0,0.6,1.5
672,Anthony Tolliver,35,PHI,PF,11,0,9.0,0.4,1.5,.235,0.4,1.3,.286,0.0,0.3,.000,.353,0.5,0.5,.833,0.3,0.6,0.9,0.2,0.3,0.2,0.3,0.6,1.5
673,Robert Woodard II,21,SAC,SF,13,0,3.5,0.6,1.5,.400,0.1,0.5,.167,0.5,1.1,.500,.425,0.2,0.6,.375,0.3,0.9,1.2,0.2,0.0,0.2,0.1,0.3,1.5
674,Nate Darling,22,CHO,SG,7,0,3.7,0.3,1.0,.286,0.3,1.0,.286,0.0,0.0,,.429,0.4,0.4,1.000,0.1,0.0,0.1,0.1,0.0,0.1,0.1,0.1,1.3
675,Kris Dunn,26,ATL,PG,4,0,11.3,0.3,3.0,.083,0.0,0.5,.000,0.3,2.5,.100,.083,0.8,1.0,.750,0.0,1.5,1.5,0.5,0.5,0.5,0.8,2.5,1.3
676,Cristiano FelÃ­cio,28,CHI,C,18,0,4.7,0.4,0.7,.538,0.0,0.1,.000,0.4,0.6,.636,.538,0.5,0.9,.563,0.6,0.9,1.4,0.5,0.2,0.0,0.2,0.6,1.3
677,Jalen Lecque,20,IND,PG,4,0,3.0,0.3,2.3,.111,0.0,0.3,.000,0.3,2.0,.125,.111,0.8,0.8,1.000,0.5,0.8,1.3,0.5,0.0,0.0,0.0,0.0,1.3
678,Marques Bolden,22,CLE,C,6,0,4.8,0.2,0.5,.333,0.0,0.0,,0.2,0.5,.333,.333,0.8,1.3,.625,0.5,0.5,1.0,0.0,0.3,0.3,0.3,0.0,1.2
679,Juwan Morgan,23,UTA,PF,29,0,5.1,0.5,1.0,.467,0.1,0.4,.308,0.3,0.6,.588,.533,0.1,0.2,.429,0.3,0.7,1.0,0.3,0.1,0.0,0.1,0.7,1.2
680,Andre Roberson,29,BRK,SG,5,0,12.6,0.4,2.8,.143,0.2,1.6,.125,0.2,1.2,.167,.179,0.2,0.4,.500,1.4,1.6,3.0,0.8,0.6,0.2,0.4,0.8,1.2
681,Udoka Azubuike,21,UTA,C,15,0,3.8,0.3,0.6,.444,0.0,0.0,,0.3,0.6,.444,.444,0.5,0.7,.800,0.3,0.6,0.9,0.0,0.1,0.3,0.2,0.6,1.1
682,Karim ManÃ©,20,ORL,PG,10,0,8.8,0.3,1.3,.231,0.1,0.2,.500,0.2,1.1,.182,.269,0.4,0.5,.800,0.1,1.3,1.4,0.4,0.0,0.2,0.3,1.0,1.1
683,Adam Mokoka,22,CHI,SG,14,0,4.0,0.5,1.4,.368,0.1,0.7,.100,0.4,0.6,.667,.395,0.0,0.1,.000,0.1,0.3,0.4,0.4,0.1,0.1,0.4,0.4,1.1
684,Tyler Bey,22,DAL,SF,18,0,3.9,0.4,1.2,.318,0.1,0.2,.250,0.3,1.0,.333,.341,0.2,0.3,.600,0.4,0.6,1.1,0.2,0.0,0.1,0.2,0.3,1.0
685,Malik Fitts,23,LAC,PF,3,0,3.7,0.3,1.0,.333,0.3,0.7,.500,0.0,0.3,.000,.500,0.0,0.0,,0.0,1.0,1.0,0.0,0.0,0.0,0.0,1.0,1.0
686,Patrick McCaw,25,TOR,SF,5,0,6.6,0.2,0.2,1.000,0.0,0.0,,0.2,0.2,1.000,1.000,0.6,0.6,1.000,0.2,0.4,0.6,0.8,0.4,0.0,0.0,1.2,1.0
687,Iman Shumpert,30,BRK,SG,2,0,5.5,0.5,2.0,.250,0.0,1.5,.000,0.5,0.5,1.000,.250,0.0,0.0,,0.5,0.0,0.5,0.0,0.5,0.0,0.5,0.0,1.0
688,Tyrell Terry,20,DAL,PG,11,0,5.1,0.5,1.5,.313,0.0,0.6,.000,0.5,0.8,.556,.313,0.1,0.3,.333,0.0,0.5,0.5,0.5,0.5,0.0,0.2,0.2,1.0
689,Kostas Antetokounmpo,23,LAL,PF,15,0,3.7,0.2,0.7,.300,0.0,0.0,,0.2,0.7,.300,.300,0.4,0.9,.462,0.3,1.0,1.3,0.1,0.1,0.3,0.7,0.5,0.8
690,Vincent Poirier,27,PHI,C,10,0,3.9,0.3,1.2,.250,0.0,0.1,.000,0.3,1.1,.273,.250,0.2,0.6,.333,0.6,0.8,1.4,0.2,0.0,0.3,0.4,0.8,0.8
691,Nick Richards,23,CHO,PF,18,0,3.5,0.2,0.5,.444,0.0,0.1,.000,0.2,0.4,.500,.444,0.4,0.6,.636,0.2,0.4,0.6,0.1,0.0,0.0,0.2,0.4,0.8
692,Keljin Blevins,25,POR,SF,17,0,4.4,0.3,1.2,.250,0.1,0.5,.250,0.2,0.7,.250,.300,0.0,0.0,,0.2,0.4,0.6,0.2,0.1,0.0,0.3,0.5,0.7
693,Ty-Shon Alexander,22,PHO,SG,15,0,3.1,0.2,0.8,.250,0.1,0.6,.222,0.1,0.2,.333,.333,0.1,0.1,.500,0.1,0.5,0.7,0.4,0.0,0.1,0.2,0.1,0.6
694,Brian Bowen,22,IND,SF,6,0,2.5,0.2,0.7,.250,0.0,0.2,.000,0.2,0.5,.333,.250,0.2,0.2,1.000,0.0,0.5,0.5,0.0,0.0,0.0,0.0,0.2,0.5
695,Jared Dudley,35,LAL,PF,12,0,6.8,0.2,0.8,.222,0.2,0.5,.333,0.0,0.3,.000,.333,0.0,0.0,,0.3,1.4,1.8,0.4,0.1,0.1,0.2,0.6,0.5
696,Jared Harper,23,NYK,PG,8,0,2.0,0.0,0.5,.000,0.0,0.1,.000,0.0,0.4,.000,.000,0.4,0.5,.750,0.0,0.3,0.3,0.1,0.0,0.0,0.4,0.1,0.4
697,Jaylen Adams,24,MIL,PG,7,0,2.6,0.1,1.1,.125,0.0,0.3,.000,0.1,0.9,.167,.125,0.0,0.0,,0.0,0.4,0.4,0.3,0.0,0.0,0.0,0.1,0.3
698,Terrance Ferguson,22,PHI,SG,13,0,3.8,0.1,0.5,.143,0.0,0.4,.000,0.1,0.2,.500,.143,0.0,0.0,,0.0,0.1,0.1,0.2,0.1,0.0,0.3,0.5,0.2
699,Theo Pinson,25,NYK,SG,17,0,2.0,0.1,0.5,.111,0.0,0.5,.000,0.1,0.1,1.000,.111,0.0,0.0,,0.0,0.3,0.3,0.1,0.0,0.0,0.1,0.2,0.1
700,Ashton Hagans,21,MIN,PG,2,0,2.0,0.0,0.0,,0.0,0.0,,0.0,0.0,,,0.0,0.0,,0.0,0.0,0.0,0.0,0.0,0.0,0.5,0.0,0.0
701,Will Magnay,22,NOP,C,1,0,3.0,0.0,1.0,.000,0.0,1.0,.000,0.0,0.0,,.000,0.0,0.0,,0.0,0.0,0.0,0.0,0.0,0.0,1.0,1.0,0.0
702,AnÅ¾ejs PaseÄÅiks,25,WAS,C,1,0,6.0,0.0,1.0,.000,0.0,1.0,.000,0.0,0.0,,.000,0.0,0.0,,1.0,0.0,1.0,1.0,0.0,0.0,5.0,2.0,0.0
703,Noah Vonleh,25,BRK,C,4,0,2.8,0.0,0.8,.000,0.0,0.5,.000,0.0,0.3,.000,.000,0.0,0.0,,0.0,0.3,0.3,0.3,0.0,0.0,0.5,0.5,0.0
704,Greg Whittington,27,DEN,PF,4,0,3.0,0.0,0.8,.000,0.0,0.5,.000,0.0,0.3,.000,.000,0.0,0.0,,0.0,0.0,0.0,0.0,0.0,0.0,0.0,0.0,0.0
